int 10 30 93 41 52 86 18 93 53 56 56
bool 12 1 0 1 0 1 0 0 0 0 0 0 1
bool 13 0 1 1 1 1 1 1 1 1 1 1 0 1
int 14 79 89 91 58 57 36 55 54 53 67 97 67 65 91
bool 15 0 0 0 0 1 1 0 1 0 1 1 1 0 0 1
double 16 7.86 6.44 5.77 4.97 7.68 1.73 9.01 9.63 5.75 7.62 3.8 0.09 6.08 2.9 7.77 5.67
char 17 o p l m i s k h r j g k l m d m b
char 18 t b e l m f k o c q r g n e l t p j
int 20 30 59 5 7 88 18 27 17 95 97 42 10 2 87 76 77 35 95 31 22
int 20 53 56 45 45 1 27 42 77 94 46 84 27 56 68 36 14 85 60 60 98
char 21 r j p j g g s f c s n t d d d t b o o p c
bool 22 1 0 1 0 0 0 1 1 1 1 1 0 0 0 1 1 1 0 0 1 1 1
bool 26 0 1 1 1 0 0 0 1 0 0 1 0 1 1 1 0 1 0 0 1 0 0 1 1 1 0
char 26 b e m h e e q o h i i e h p m q r f e o i n d k e k
char 27 j q e p f s d d e g p k p h d m l e h q r l k d a t k
double 27 0.51 7.81 9.55 9.32 7.31 9.46 0.91 0.75 8.91 1.86 3.87 5.46 8.27 6.91 2.38 0.05 6.21 4.51 4.99 8.41 3.12 0.98 0.95 2.44 3.46 6.27 0.32
char 27 a e a i k d d l d q o m j m c b p p l e k g n i g n t
int 29 73 73 48 34 51 93 92 74 68 41 21 78 76 82 38 98 35 41 12 44 74 24 95 73 69 52 42 41 88
bool 30 1 0 0 0 0 1 0 1 1 0 1 1 0 1 1 0 1 1 1 1 1 0 0 0 1 0 0 1 1 0
char 31 i s a k i s h o m a q s p p c d t j i a k f m j g m m r e k h
int 32 72 25 11 91 79 19 58 73 34 97 2 78 1 19 91 4 55 46 79 21 24 55 46 51 95 79 74 55 56 37 6 65
char 33 r n h a f f q o l i g k n e b d t k r k a l f l g c d e g l l f e
int 33 91 84 26 73 3 21 34 77 34 78 74 98 36 75 85 49 49 98 50 71 75 8 4 5 46 65 66 91 64 74 18 16 57
bool 33 1 0 0 1 1 1 1 1 0 0 0 0 1 1 1 1 1 1 0 0 1 0 1 1 0 0 0 0 0 1 1 0 1
double 35 9.71 9.78 6.94 1.68 2.54 3.53 2.06 6.53 8.93 5.58 2.69 1 0.21 9.07 5.86 5.37 0.74 5.33 5.8 6.88 1.14 2.11 4.01 1.73 9.76 5.43 5.77 8.35 1.53 5.55 0.22 2.29 3.94 8.38 4.72
bool 35 0 1 0 0 1 0 0 0 0 0 0 0 0 1 0 0 0 0 0 0 0 0 0 1 1 0 0 0 1 1 0 1 1 1 1
int 35 87 46 66 42 59 58 27 35 82 76 10 25 50 94 23 41 38 4 18 19 14 60 20 87 92 26 45 75 59 51 58 22 18 18 33
bool 37 1 1 1 1 1 1 1 0 1 0 0 0 0 1 0 0 1 1 0 0 0 1 0 1 1 0 1 1 0 1 1 0 0 1 0 1 0
char 38 k j h g h c l m k n p e e a b t m a k f b s q n h c d i s q a j b d b i t o
double 40 0.55 7.34 3.01 2.96 4.04 5.3 4.24 4.16 7.09 3.9 9.64 5.62 3.14 7.42 6.29 1.21 1.01 4.5 9.78 8.79 8.89 4.02 8.16 7.84 1.9 5.83 5.21 0.04 2.79 5.75 2.85 8.41 7.34 6.4 3.38 4.22 6.51 9.9 8.41 6.01
bool 40 1 1 1 1 1 0 1 0 0 1 1 0 0 1 0 0 0 1 1 1 1 0 0 0 0 1 1 1 0 0 0 0 0 1 1 1 0 0 0 0
double 43 3.62 9.58 6.56 3.62 1.72 7.93 3.14 2.26 0.88 2.96 8.14 8.66 3.79 7.8 5.3 9.63 1.7 2.06 5.93 3.42 1.85 6.81 5.79 8.08 4.07 7.27 6.15 4.53 2 3.04 3.43 8.28 0.15 6.84 4.51 6.98 3.58 9.08 0.8 9.73 1.67 6.28 9.05
int 44 79 26 18 5 16 9 82 81 74 66 68 88 3 35 11 12 88 30 78 19 76 76 21 34 47 92 54 93 1 25 15 36 56 20 9 18 81 20 94 51 21 75 42 37
bool 46 0 0 1 1 0 1 1 1 0 1 0 0 0 0 0 1 1 1 1 0 0 0 1 0 0 0 1 1 0 0 1 1 0 0 0 0 0 1 0 1 0 0 1 1 0 1
char 46 i n i k b t m j f f n a o k i r g o o k j c j k f d l g n k i c p t l h a i c g j e f b p c
double 47 4.98 3.36 1.57 2.61 4.06 2.41 2.39 1.08 9.68 4.46 6.26 0.39 9.57 1.31 4.53 4.2 1.25 2.5 6.04 0.89 6.06 4.13 7.67 6.95 6 7.58 0.52 8.95 7.16 4.7 5.46 3.62 3.01 5.18 2.36 4.33 3.7 8.07 8.51 5.06 7.8 0.32 0.39 5.81 8.4 5.92 3.27
int 47 31 79 61 38 64 65 51 7 56 45 65 26 98 47 53 24 7 38 18 26 51 98 78 7 71 81 21 3 67 18 58 44 44 38 26 78 97 47 49 79 73 72 11 9 2 48 84
bool 50 1 0 0 1 0 1 0 1 0 1 1 0 0 0 0 1 1 0 0 1 1 1 0 1 0 0 1 0 0 0 1 1 1 1 1 0 0 0 0 0 0 1 1 0 1 0 1 0 0 0
double 52 8.63 7.03 0.91 8.15 0.13 9.13 0.04 0.06 1.36 7.55 5.72 1.49 1.92 4.7 2.54 1.1 3.07 9.58 8.57 0.46 5.52 3.45 0.2 3.68 4.61 7.44 2.28 8.14 9.75 5.68 6.02 3.64 6.02 1.21 9.12 1.93 4.73 8.11 3.07 8.23 1.64 6.28 9.68 4.39 4.42 8.3 8.61 5.46 3.18 5.95 4.42 7.74
bool 53 1 0 0 0 0 1 0 0 0 1 1 1 0 0 0 1 1 0 1 0 0 1 1 0 0 1 0 0 1 1 1 0 1 0 0 1 0 1 0 1 1 1 1 1 1 1 1 0 1 1 0 1 0
bool 53 0 1 1 1 0 1 1 1 0 1 0 0 1 0 1 1 0 0 0 1 0 1 1 1 0 0 1 0 0 1 1 1 1 1 1 1 0 0 0 0 1 0 0 1 1 1 1 0 0 1 1 0 0
double 54 3.64 3.55 9.06 7.82 2 0.22 0.17 6.27 4 5.14 3.26 6.01 6.79 8.33 4.74 8.27 5.3 5.33 6.22 2.24 9.57 2.58 9.82 4.48 0.37 1.53 0.02 8.59 0.32 5.33 6.93 7.15 3.55 4.43 1 7.87 9.59 0.84 8.64 9.76 8.07 9.92 5.67 8.45 9.46 2.97 4.52 3.95 4.21 9.16 2.13 6.12 9.15 1.09
int 55 58 92 9 77 25 58 96 65 71 72 66 76 83 28 2 45 13 71 94 90 93 85 36 46 51 95 60 15 86 65 41 22 33 71 59 93 50 74 3 9 23 79 48 47 92 70 61 51 95 58 33 89 85 47 36
int 55 1 17 6 8 40 39 31 3 9 2 88 65 51 4 28 54 27 25 19 46 3 91 10 60 32 85 86 56 91 1 15 39 30 13 45 28 22 88 12 64 39 73 6 81 81 53 46 48 22 43 30 27 30 28 94
int 56 67 73 73 97 23 95 78 45 52 31 96 50 4 27 9 48 9 25 14 70 15 40 71 81 29 79 10 91 26 46 72 3 50 56 98 91 35 87 87 96 40 78 40 79 59 83 81 70 61 30 75 12 5 12 46 76
int 56 63 86 71 17 38 94 5 95 87 66 43 49 10 53 2 70 56 20 43 32 89 30 7 21 11 32 34 70 20 90 41 46 99 31 10 56 41 53 31 88 33 31 74 2 27 7 68 62 20 65 93 47 33 56 56 56
bool 56 1 1 0 1 0 0 0 1 1 1 0 1 1 1 0 0 1 0 0 0 0 1 1 1 1 1 1 1 0 0 1 0 1 1 0 0 1 0 1 0 1 0 1 0 1 0 1 1 1 0 0 0 0 1 1 0
bool 59 0 0 0 0 1 0 0 1 0 0 1 1 1 0 1 0 0 0 1 0 0 0 0 0 0 1 1 1 0 0 1 1 1 0 1 1 1 0 1 0 1 0 0 0 0 0 1 1 1 0 0 0 0 1 1 1 0 1 1
bool 61 0 0 1 0 0 0 1 1 1 1 0 0 0 1 0 0 1 0 1 0 1 1 0 0 0 1 0 1 0 0 0 1 1 1 1 1 1 1 1 0 0 0 0 1 1 0 1 1 0 1 0 1 0 1 0 1 0 0 1 0 0
char 62 r r t j t m k o p h p j q l e p s h a h i i k h c h s s n n o f r l r g r t d f i r m p o i n c g k h h h s b g n g h n p e
char 63 h q a b l n k m o n g h r a q q c n t c f r q p h d k t i n l h c r f l c j d a o d c c l r l c e p s t g t f d q d n l j b s
double 63 8.32 6.49 5.16 2.69 0.42 9.62 0.68 5.36 7.11 5.85 0.49 1.53 2.95 9.02 8.01 4.37 6.24 8.44 6.02 7.64 8.32 4.99 7.73 4.3 0.95 7.18 7.22 3.76 2.31 1.7 7.7 7.59 2.91 4.93 9.92 1.33 8.95 3.87 2.21 0.65 7.17 9.16 5.17 2.12 9.81 7.62 5.74 1.5 4.23 6.1 6.38 4.97 3.35 2.81 5.69 1.18 3.54 0.5 6.2 0.91 6.95 5.8 9.52
char 64 n i a n p r h r m n a s f p d o p o c c d q t m m k c r c h t p q m k k o r l h g p b h r n c m r g s h r t b d t f i d s h g d
double 67 7.29 9.81 5.52 1.85 2.53 8.23 1.93 3.6 8.71 5.61 2.04 5.38 2.56 2.5 7.42 9.14 8.1 7.39 0.21 4.91 0.58 7.82 4.65 8.73 6.64 2.78 3.41 4.31 5.69 6.01 5.09 4.44 8.56 8.38 5.12 6.93 8.01 0.09 8.22 4.8 6.54 5.09 6.03 7.15 0.34 0.91 0.25 9.14 0.78 3.58 3.9 4.68 1.46 2.63 8.54 3.54 6.05 0.13 7.07 9.16 0.13 4.37 7.08 2.32 2.18 1.43 9.13
bool 70 1 1 0 1 1 1 0 1 0 0 0 0 1 1 1 0 0 0 1 1 0 0 1 1 0 0 1 0 1 0 0 1 1 0 1 0 1 0 1 0 1 0 1 0 0 0 0 0 1 1 0 1 1 0 1 1 0 0 1 0 0 1 0 0 1 1 1 1 0 0
char 70 o i a p t m r h q c k q j c r b c n g m m o b a l p s a j f g h r k g l k n f k s c e j h j t g t n i a b l c b h f d f q l g l a e d n a d
char 70 j a d k j n n c l d q p f s d i o b o o f c k t k e i l j o f j n e m r k l j c e i q g j n b b h d a j a p e r h m f l t q s j h m f a m b
char 71 m k k g e s r e p p s e p k a c a s l i i k b h e d k a j a j i j i n r f c p i i g p e r r p g q b p l g i d d i o h c c j c i q f p l f t l
char 72 b p l h j a l k j n r m a q f r a h a r m d n g f l r c c q n p k r a n d c b e i j n h p o b a m e o e m q s t o r k a a t b f i f n d q f e b
int 74 25 65 41 61 49 28 17 61 35 59 29 51 41 60 99 66 39 30 38 13 22 85 16 13 36 44 65 77 29 69 22 12 56 64 77 57 52 30 55 6 87 92 78 83 35 61 19 88 56 8 47 86 19 64 81 47 96 46 84 87 50 97 38 42 3 77 78 79 58 80 68 55 6 11
int 76 20 89 8 83 65 99 18 59 53 25 25 77 7 29 66 91 4 31 78 94 16 14 89 84 65 60 26 56 85 91 12 84 72 83 19 21 31 83 46 14 43 26 73 2 38 55 70 66 9 37 7 2 79 60 1 46 96 82 87 31 55 41 53 85 77 83 28 98 19 18 43 90 53 7 39 66
int 77 45 88 88 99 7 46 96 83 91 70 30 46 13 87 51 90 65 27 92 9 88 30 18 83 87 36 64 2 28 20 51 73 14 44 12 14 31 65 4 86 68 44 40 4 97 2 96 9 96 71 37 15 38 33 58 48 49 33 44 13 54 37 97 78 63 57 27 15 13 98 23 64 62 7 65 99 51
double 77 9.71 8.68 7.01 5.81 6.41 4.44 5.85 4.13 0.02 1.42 1.62 8.53 2.44 6.21 5.24 3.12 9.3 2.58 1.6 1.71 1.05 0.31 0.09 7.32 9.02 1.52 2.5 9.16 1.47 8.37 6.41 5.51 8.41 6.25 8.13 9.73 5.87 4.24 0.81 6.46 6.94 9.01 8.71 4.35 2.23 5.82 5.27 2.18 7.81 2.22 4.45 7.54 0.51 7.91 0.83 9.36 7.48 3.54 6.5 5.5 9.52 3.05 8.72 2.89 7.03 9.1 7.68 7.06 9.51 6.37 3.07 9.79 8.63 8.32 7.47 8.17 2.12
int 77 42 73 48 4 80 92 8 59 25 1 77 60 87 30 97 67 27 26 18 91 76 88 68 97 31 89 68 14 10 12 53 11 10 93 15 13 35 67 50 62 88 26 71 46 59 81 73 10 55 34 77 90 11 88 97 6 90 37 66 74 32 39 18 77 19 34 98 28 81 7 60 21 32 83 67 31 3
char 77 l a n b l m d n d j s r r a g h n b i h t t m c e t q s s i t r a o q a o p h t a h o h h e q f a g r h s n o r d s o k c c r i j a g s e b f n d g b t t
double 78 5.24 0.94 2.27 5.66 9.35 5.1 5.62 3.14 2.12 7.98 8.27 5.23 8 2.32 8.44 8.81 9.97 4.03 8.07 0.74 9.86 0.22 9.28 5.03 6.64 9.18 6.47 3.34 8.9 1.88 6.15 5.73 2.32 3.34 6.39 6.03 3.82 9.91 9.74 3.16 1.11 2.51 0.96 9.94 0.39 7.42 9.28 2.75 5.27 2 3.54 3.43 6.56 2.68 1.35 5.89 1.17 6.73 7.1 4.48 0.59 9.44 2.51 4.49 3.79 0.43 8.31 7.22 6.05 4.38 0.38 4.19 7.44 7.47 3.59 8.83 9.87 8.23
double 78 2.44 4.25 0.58 8.07 1.28 8.2 7.11 3.38 9.93 7.14 1.77 0.62 0.87 9.72 4.05 9.75 3.62 8.18 1.52 3.81 4.62 8.75 0.5 2.16 2.99 4.86 6.96 9.91 0.85 6.19 4.66 5.83 6.21 9.76 2.61 7.7 8.16 4.45 8.63 2.44 9.62 3 7.74 0.67 0.76 9.18 8.19 6.91 8.2 3.62 2.17 0.6 4.58 4.72 7.07 0.52 1.56 1.92 8.72 5.02 4.61 6.92 9.36 9.46 6.37 9.63 3.56 3.31 2.08 7.37 8.12 4.59 7.06 3.86 6.22 8.19 4.46 1.66
int 78 38 84 52 16 58 13 16 84 61 84 31 17 29 50 93 16 53 3 32 50 70 46 70 40 29 41 31 64 42 57 87 31 20 77 24 78 35 21 74 41 90 54 51 8 29 67 76 67 38 38 59 43 62 6 6 45 66 7 23 49 43 15 2 59 67 63 9 38 79 97 41 74 91 63 58 21 60 63
char 79 p i c r g e p o h o q c e j l a o m q o f d r k k b e p m a g s i b r k p m t j m t i h o j j k t m n p n i r p e f n r b s i l l d f g d m a b i j i d p r d
int 80 41 89 76 1 97 50 48 68 13 10 23 15 95 75 16 13 72 29 99 58 99 6 27 9 25 24 49 61 24 17 63 19 7 23 14 13 98 84 17 55 99 28 92 67 86 87 40 77 59 85 83 98 20 70 79 23 21 74 95 87 25 99 79 2 15 52 33 73 83 68 64 56 13 90 46 49 17 60 13 85
bool 83 1 1 0 0 0 0 1 0 1 1 1 1 1 0 0 0 0 0 1 1 1 0 0 0 0 0 0 1 0 0 1 0 0 1 1 0 1 0 1 0 0 0 1 0 1 0 0 1 1 0 1 1 0 0 1 1 0 0 0 1 1 1 1 1 1 1 1 1 1 0 1 0 0 0 0 0 0 1 0 0 0 0 0
double 84 7.57 0.7 2.19 4.27 0.67 7.99 6.61 7.44 5.57 9.81 9.82 5.95 0.38 4.07 1 7.6 2.5 0.78 3.53 8.49 3.34 2.7 2.86 3.47 8.12 6.86 1.07 4 2.67 7.08 6.51 5.85 2.38 2.93 8.11 2.15 3.24 0.55 6.49 3.12 1.02 0.54 1.01 1.49 4.56 7.68 9.11 2.04 8.23 2.08 1.31 2.18 2.43 3.29 3.92 1.24 1.91 3.65 8.09 8.23 7.68 7.32 7.59 9.1 6.32 5.04 3.01 8.85 8.35 7.23 7.15 9.07 2.61 2.93 4.35 4.37 9.18 7.41 7.96 4.39 4.42 5.09 1.63 6.53
double 84 3.22 4.34 5.65 2.77 0.53 5.66 8.31 5.58 4.17 3.14 6.67 3.49 9.15 2.06 4.09 1.94 9.3 7.61 1.02 8 7.87 5.21 8.67 4.75 4.62 4.45 3.49 5.97 0.24 1.52 3.92 9.98 5.18 8.38 5.78 5.3 5.13 0.14 3.42 5.54 7.45 5.23 5.55 8.57 4.92 0.75 5.49 6.84 0.46 2.46 1.56 1.53 1.59 2.19 6.19 5.33 2.91 6.7 0.2 7.68 7.19 3.92 0.68 9.06 4.73 9.59 3.36 6.53 3.77 9.04 2.43 1.25 9.08 3.96 1.9 2.02 7.06 6.36 3.23 2.99 5.1 4.3 6.19 0.27
bool 86 0 1 1 0 1 1 0 1 0 1 1 0 0 1 0 0 0 0 1 1 1 0 1 0 1 0 1 0 0 1 0 0 1 1 1 1 1 1 1 1 0 0 1 1 0 0 0 0 1 0 1 0 1 0 0 0 0 0 1 1 1 1 0 1 1 0 0 1 1 1 1 1 0 1 1 0 1 0 1 1 0 0 1 0 1 1
char 87 s f b l t n s h f l m b m i s e p a s b c p m o k j a t o k k b d f c p r e n h s j j k o e k o c b o k e i d r k c s r a n n l k e f o j q k n k g c t l p k b r t n f b a l
int 88 3 99 7 92 64 98 80 18 67 83 42 43 98 25 55 40 35 28 55 62 45 22 64 61 2 94 72 20 56 86 61 22 72 62 48 4 62 59 78 12 71 95 65 35 8 30 19 33 26 8 86 23 27 27 2 19 53 91 68 61 78 64 44 58 63 49 66 14 87 77 4 19 88 80 36 72 93 35 78 18 20 67 44 73 90 79 46 60
int 89 64 18 93 96 80 54 45 34 20 29 41 32 56 48 86 52 39 99 85 42 54 60 39 44 54 50 82 84 80 66 74 82 69 9 39 11 88 9 35 25 63 78 66 63 64 33 44 21 56 32 19 73 82 56 78 29 90 34 86 68 47 95 80 44 14 84 75 97 24 22 69 96 89 57 9 57 2 74 27 58 87 97 86 38 86 36 25 32 93
double 91 9.7 1.77 3.59 8.57 5.33 1.69 1.89 1.34 8.99 9.45 3.2 1.47 8.3 6.9 9.81 1.19 0.58 6.63 6.63 1.36 2.37 9.38 3.88 0.93 2.92 5.94 6.31 6.68 7.63 1.77 6.12 9.54 7.59 3.28 6.72 1 8.95 6.27 2.44 6.56 3.32 9.92 7.04 8.47 0.24 0.52 5.19 7.64 0.32 8.4 6.67 5.95 3.48 4.31 9.69 7.9 8.79 9.59 0.99 8.49 9.02 5.02 2.72 5.91 3.57 6.04 6.86 8 7.15 9.9 3.02 1.4 3.22 6.75 8.32 9.79 5.94 4.71 4.88 9.3 2 9.18 2.93 5.27 3.02 8.61 9.56 4.82 0.16 1.15 6.23
int 91 85 50 85 68 98 94 18 52 64 25 78 62 80 64 59 83 79 31 94 13 84 89 26 20 34 97 17 76 37 80 35 57 32 37 84 36 7 12 89 84 4 38 52 93 66 90 6 61 93 55 27 85 39 34 57 37 96 82 53 96 68 59 2 26 46 4 9 97 66 85 30 23 91 13 80 69 75 9 25 88 96 31 54 12 74 87 67 32 15 19 16
bool 92 1 0 1 1 0 1 1 0 0 1 1 1 1 0 1 1 1 1 1 1 1 0 1 0 1 0 0 1 1 1 1 1 1 1 0 0 1 1 0 1 1 0 0 1 1 1 0 0 1 0 1 0 1 0 1 0 0 0 1 0 1 1 1 0 0 0 0 0 0 0 0 1 0 1 0 0 1 0 0 1 0 0 0 0 0 1 1 0 1 1 0 1
int 92 57 34 39 66 21 56 82 96 28 59 58 63 19 65 95 22 8 44 83 22 93 15 83 97 70 73 99 90 55 67 49 44 13 3 85 60 81 18 88 67 61 2 27 48 30 32 27 9 24 61 71 82 84 71 26 61 50 35 62 68 13 19 27 23 69 80 37 22 79 50 56 86 83 54 4 21 8 90 95 65 30 34 77 51 58 66 91 93 4 55 73 36
char 94 a k c m j f r j t b m r q c b m n l i i p k f l s k e s a p i n h m r b l c o n t n a i s l t l f a e f m n s q t t h i n m e p b l k h e c r p h h c b i k f h m i d d k g a j d c l c o o
char 94 j j g m s r d c h h s l e a r f n j t o k g f t e s d p l j q b b d h k f o j i q b e t n a t e c f p a r a d i b g n k r k j b m f h f l o a g c s e o e t g n b q t a c a a l h r p e h f
char 94 b g h a s d a h g e k c t f a o f e q c f c b i g l g k b c s j n d t h o g c k s e b g h j g f t s e e s m s t j r f c e f b d a g q s a s e q b t j r b r i g a p r a c p p s r t b p l o
bool 95 1 1 1 0 1 0 1 0 0 1 0 0 1 0 0 1 0 1 1 1 1 0 0 1 1 0 1 1 1 1 0 1 0 0 0 0 0 0 1 1 0 1 1 0 1 0 1 0 1 0 0 0 1 1 0 0 1 0 1 0 1 0 1 0 0 1 1 0 1 1 0 1 0 1 1 1 0 0 1 0 1 1 0 0 0 1 1 1 0 1 0 1 0 1 0
bool 96 0 1 0 0 1 1 0 1 0 1 1 1 0 1 1 0 0 0 1 1 1 1 0 0 0 0 0 1 1 0 0 0 0 1 1 0 1 0 0 0 0 0 0 0 0 1 1 1 0 1 0 1 1 1 1 0 0 1 1 0 0 0 1 0 0 1 1 0 0 1 1 0 1 0 0 0 1 1 1 0 1 0 1 0 1 0 1 1 1 0 0 0 1 0 0 1
double 97 2.48 9.31 8.06 8.7 9.44 8.4 0.48 3.19 6.39 2.11 5.22 2.6 5.22 2.83 4.02 6.91 3.37 7.15 4.4 6.41 6.03 6.36 3.71 6.82 4.37 7.59 5.55 7.85 2.11 3.82 1.11 6.56 4.14 4.9 9.55 8.96 9.62 2.21 0.93 7.9 4.89 4.64 9.49 6.54 9 8.78 7.1 6.8 5.17 7.58 8.79 7.74 4.76 1.63 9.32 2.22 1.23 1.08 2.19 1.42 9.38 4.9 4.61 9.72 2.62 8.37 6.88 1.86 8.35 5.23 5.71 0.66 8.38 2.41 3.71 4.87 2.91 6.5 4.11 5.92 6.13 4.65 6.48 4.81 2.56 6.89 5.8 0.54 8.49 5.22 8.97 5.85 1.92 1.13 0.84 1.98 2.81
double 99 3.89 8.68 2.19 1.75 8.73 2.62 7.67 8.82 8.7 8.87 4.31 9.41 3.17 1.85 2.76 6.38 7.46 4.83 9.53 3.9 3.42 1.35 3.75 7.3 0.92 7.35 9.96 9.47 9.94 1.91 9.57 7.57 1.21 1.48 9.58 1.14 5.77 0.86 8.86 2.52 9.3 0.44 3.45 1.37 4.41 6.27 0.67 6.62 8.28 2.1 4.27 2.1 7.94 5.49 7.67 5.88 8.38 4.63 1.11 4.18 9.98 1.17 3.39 0.31 2.97 6.14 7.18 6.06 7.53 3.16 3.88 1.62 1.15 9.44 5.15 6.07 8.16 2.57 8.22 8.16 1.69 0.22 3.82 1.36 5.57 5.06 9.49 3.68 0.54 7.7 8.82 3.29 4.62 9.99 7.78 9.64 7.42 4.34 2.82
bool 99 0 0 0 0 0 0 0 1 1 0 0 0 0 1 1 1 0 0 1 0 1 1 1 1 0 0 0 0 0 0 0 0 0 1 0 0 0 1 1 1 0 1 1 0 1 1 1 0 1 1 1 1 0 0 0 1 1 1 1 1 0 1 1 1 0 1 1 1 1 0 1 0 1 1 1 1 1 0 0 1 0 1 1 0 0 1 0 1 0 0 1 0 0 0 0 1 0 0 1
int 100 54 87 91 34 32 64 15 43 94 91 85 72 38 86 89 45 90 94 3 92 32 53 95 72 90 14 91 20 97 27 58 41 66 59 15 76 82 26 93 34 80 70 38 4 60 50 32 15 45 95 22 36 67 78 72 96 98 40 92 83 77 59 8 26 16 51 71 10 58 27 97 4 52 60 11 4 24 88 34 49 83 38 97 21 7 8 17 20 55 16 88 57 71 7 37 43 97 5 62 26
char 101 r h r r m o g d t l d g c k f b o t b f b g m d n a p f p m e m m m g q o l e e e k d i a c q s q n t l k m c h r a q m q c m e d p a e d r c f s j h l d t k b h n d o d p m j e b a l k e r h m j g a p
char 102 g f p i m s e r p p m o t f o r m p r s k k j t r t m d g r c p k c q h a g o d o l p c h m r m c t s q f b i e s b j r c p o e k r q q j h c l f n d a r p k c a a g f t o g h d j r q c l h h t t l g q g
double 102 6.32 5.6 2.56 6.82 8.01 9.57 0.05 8.32 3.2 5.12 6.28 1.76 2.64 3.09 5.08 4.2 7.68 0.79 4.62 2.38 4.47 2.94 3.42 3.06 1.33 4.64 7.1 6.44 1.33 5.15 9.3 4.73 1.85 1.05 0.72 0.92 4 8.1 4.01 3.5 8.43 5.35 9.14 3.05 0.03 4.59 2.1 5.79 2.1 0.38 1.67 9.98 3.11 2.47 3.67 2.84 5.09 9.73 5.5 3.18 9 7.44 4.39 6.84 7.75 5.43 0.76 9.2 4.39 4.5 8.68 6.29 1.43 9.73 8.7 6.32 4.03 1.35 3.44 1.83 8.72 6.56 9.28 6.55 9.38 3.82 6.46 9.4 4.19 7.4 2.18 0.34 9.12 9.93 4.48 4.63 1.25 6.88 6.1 0.17 3.5 9.21
double 103 4.92 7.89 0.87 7.3 2.07 3.8 4.98 9.66 0.91 9.95 7.76 5.09 6.85 7.24 2.48 4.34 9.61 3.86 2.14 6.78 7.38 0.25 3.49 0.79 9.53 2.2 6.84 7.62 5.07 6.06 8.06 4.37 8.65 9.12 7.12 8.94 7.96 0.04 7.69 9.59 8.07 6.77 1 4.09 9.76 7.14 2.41 0.56 4.24 3.01 9.29 9.7 8.47 8.13 2.48 6.22 9.43 7.64 1.92 6.07 4.31 3.3 3.58 2.63 0.28 1.11 2.37 0.85 7.05 1.18 0.5 0.78 6.1 4.25 0.99 8.85 9.82 3.12 9.37 2.58 3.24 5.24 5.51 9.21 8.34 8.08 1.46 3.87 8.57 7.66 8.25 7.9 3.66 9.59 3.77 3.9 5.92 0.25 0.83 2.08 0.73 4.47 3.49
char 103 k f p c m k n j o d n q j k a e k n g e s c a j r s b c o r t l m d q k f g f k t q c e j g g h e s a i t s s e o b g l j e e r n o t s b i b c a m s b d o l r f p b d l q s o o d c a j o l l d g c p i t e
bool 104 0 0 0 0 1 0 0 1 0 1 1 1 0 0 0 1 0 0 1 1 0 1 0 1 0 1 1 0 0 0 1 1 1 0 1 1 0 1 0 1 0 0 0 0 0 0 1 1 1 0 1 1 0 0 1 0 1 1 1 1 0 0 1 1 1 1 1 1 1 1 1 1 1 0 1 0 0 0 0 0 0 1 0 0 0 0 0 0 0 1 1 1 1 0 1 0 0 0 1 1 0 0 1 1
double 104 4.71 6.87 5.91 7.5 0.54 3.98 9.74 2.14 6.83 4.79 9.63 4.02 6.31 7.63 7.88 8.83 6.73 5.08 3.9 6.82 5.71 3.24 7.01 5.08 2.24 4.73 1.59 2.07 9.88 7.18 3.69 9.66 5.65 4.8 3.58 9.27 8.07 8.55 4.88 3.01 7.07 7.1 8.88 0.24 1.19 0.72 1.06 7.79 6.74 0.78 9.98 7.47 1.41 9.23 6.53 1.4 0.36 0.91 0.09 1.45 8.15 7.24 8.59 1.22 5.65 0.54 5.77 7.16 1.57 1.31 9.6 8.87 4.8 0.13 0.32 8.83 3.98 7.17 3.4 7.19 6.61 2.83 1.38 1.76 1.52 7.36 9.29 6.33 2.79 9.54 6.36 8.41 5.04 0.82 7.82 5.88 2.19 2.95 4.4 1.81 1.33 9.09 6.03 2.93
bool 105 0 1 1 0 0 0 1 0 0 0 0 0 1 1 0 1 1 0 0 1 1 1 0 0 0 0 1 0 0 0 1 0 0 1 1 0 0 0 1 1 0 1 1 1 0 1 0 1 1 1 1 1 1 1 0 1 0 0 1 0 0 1 0 1 0 0 1 0 1 1 1 1 1 1 1 0 1 0 0 1 1 1 1 0 1 1 0 1 0 1 0 1 0 0 0 0 0 0 0 0 0 0 1 1 0
double 109 8.88 9.52 6.28 3.32 1.1 1.73 2.92 9.05 3.93 1.87 8.55 6.79 3.55 6.54 0.05 6.86 9.42 1.09 4.04 3.22 7.02 1.78 6.14 3.96 9.24 6.45 8.4 1.04 2.25 1.65 9.81 3.83 3.86 2.53 1.53 4.43 1.15 8.15 9.54 4.4 1.28 4.66 0.83 6.63 7.37 7.03 6.87 5.53 4.05 0.05 8.57 0.01 6.46 2.03 2.27 7.95 5.88 8.77 8.29 9.23 8.62 8 0.2 0.91 4.19 4.79 4.92 3.61 9.04 7.64 8.87 9.47 9.26 7.16 7.71 6.97 6.26 7.36 3.64 9.79 9.2 1.17 0.78 9.19 5.03 4.54 5.15 1.54 0.37 0.95 2.99 6.66 8.36 3.2 6.95 9.82 5.72 5.85 5.91 2.56 0.9 4.62 7.31 4.49 3.38 3.99 7.23 0.55 7.44
char 109 p d l p d n o s r q t g h b s q i f d s b r e q e j i h f r j q g d l c q l c c n m s i j s h l n t h h n n a c h i m t s g n q q s i h n a g j n c i k l k h a b l g r b s p b f l m b b o a h a f g e g c s n g b o k g
