int 10 postorder 910 165 53 278 44 299 745 479 793 255
int 10 inorder 203 825 199 402 327 619 584 739 428 930
int 10 postorder 786 897 934 832 375 584 737 333 783 856
int 13 preorder 464 355 213 466 526 284 744 793 438 371 530 138 500
int 15 preorder 696 918 194 99 189 523 14 298 397 42 79 519 952 789 879
int 15 postorder 29 931 849 434 406 91 42 618 491 160 910 75 24 982 378
int 16 preorder 618 924 383 896 532 274 452 731 786 644 577 497 768 173 901 963
int 16 inorder 357 478 720 186 784 470 374 742 732 155 324 184 705 65 19 234
int 18 postorder 765 871 856 92 93 199 613 552 285 441 451 390 604 6 537 412 959 348
int 22 preorder 385 827 944 494 423 908 919 70 248 929 475 168 394 599 180 332 539 705 25 718 300 238
int 22 postorder 930 931 503 828 41 748 349 638 779 869 987 875 403 495 682 676 610 235 989 885 806 269
int 23 preorder 169 869 351 454 76 155 208 733 410 778 364 232 654 702 885 615 535 726 142 865 468 622 768
int 24 inorder 31 303 470 374 471 297 969 334 699 67 181 823 259 475 670 922 210 227 436 482 175 222 930 951
int 24 inorder 623 889 199 133 234 233 248 688 985 270 102 845 325 808 904 92 282 91 560 960 468 703 158 453
int 25 preorder 651 977 367 5 623 873 639 935 806 62 458 636 526 152 440 896 76 493 352 899 742 548 522 371 773
int 25 postorder 257 739 708 365 906 826 634 132 66 841 171 837 41 353 932 182 142 52 124 391 612 597 852 430 530
int 26 inorder 572 301 768 604 107 270 451 635 312 790 936 40 610 501 198 416 920 760 340 560 349 182 848 655 810 835
int 26 preorder 83 723 807 326 376 306 224 546 377 408 186 395 722 859 89 680 472 289 731 492 532 853 945 940 335 344
int 27 preorder 72 937 392 488 444 848 612 393 899 565 370 269 548 53 259 379 681 960 711 568 186 34 196 77 155 811 662
int 29 preorder 544 743 811 66 678 805 200 111 216 490 751 86 242 752 332 175 710 579 987 515 101 34 758 615 273 303 611 193 84
int 31 postorder 653 181 208 782 283 759 541 921 587 681 760 246 527 337 423 54 204 147 234 346 808 326 241 586 212 276 886 868 286 791 400
int 31 inorder 322 244 523 308 554 441 897 583 37 222 467 948 981 352 677 417 880 258 217 299 881 662 722 784 38 616 921 288 954 957 348
int 31 postorder 534 107 376 719 538 629 839 923 882 97 336 668 159 35 480 461 44 123 65 364 262 656 827 146 953 67 40 258 280 42 456
int 33 inorder 549 40 97 883 649 517 585 866 944 127 904 278 497 527 678 368 353 667 235 134 811 87 361 864 495 13 666 781 614 601 347 484 270
int 34 inorder 701 581 541 636 383 556 814 732 169 831 332 154 716 860 815 787 516 901 807 476 984 981 274 766 804 512 298 404 450 718 445 685 86 861
int 36 preorder 200 227 894 226 757 764 997 597 466 231 699 117 665 380 495 115 438 915 512 940 878 161 949 842 139 549 301 880 629 807 114 970 746 655 145 329
int 36 inorder 17 432 942 83 882 502 205 649 397 955 341 521 450 281 810 294 431 62 598 613 593 399 827 759 723 439 665 308 770 202 895 787 946 602 749 187
int 36 postorder 824 110 128 747 100 368 386 525 716 54 71 9 804 805 655 427 906 17 842 872 695 132 924 843 578 318 788 443 607 61 595 285 963 564 19 810
int 37 postorder 457 773 936 121 5 897 188 709 9 942 122 938 494 329 81 684 158 914 381 744 699 481 657 645 453 390 61 821 279 873 686 200 313 560 746 10 123
int 37 postorder 965 274 399 446 21 872 748 338 88 745 147 897 269 605 725 775 829 612 479 294 91 757 211 376 919 320 483 755 426 553 463 565 552 588 278 395 87
int 38 inorder 438 361 778 215 832 33 780 699 82 590 322 32 929 366 747 507 609 463 616 843 285 210 591 132 120 750 135 714 298 129 520 586 452 147 305 876 935 689
int 39 inorder 820 754 61 812 516 471 772 169 875 716 719 990 132 188 351 283 969 164 443 297 421 783 134 494 93 436 694 798 96 852 396 534 323 232 535 430 224 280 864
double 40 preorder 4.31 7.5 6.41 1.46 1.76 4.1 2.6 1.34 9.67 9.4 1.63 0.35 4.32 0.73 9.32 1.23 8.3 3.34 3.63 1.99 1.41 3.84 4.19 9.71 0.77 8.28 0.84 7.75 7.02 0.79 0.4 4.77 2.44 9.58 4.51 2.48 6.77 0.19 3.96 6.43
int 43 postorder 408 102 321 208 481 503 121 915 3 258 388 697 266 633 111 218 920 829 286 188 432 853 795 945 648 771 485 220 567 145 837 270 598 69 4 943 914 520 988 778 575 106 834
int 43 inorder 943 202 4 993 53 172 3 684 595 582 624 160 453 234 241 655 803 384 796 860 347 728 213 61 770 362 45 578 904 950 814 152 236 697 980 970 278 33 159 434 16 253 547
double 44 postorder 8.26 4.48 6.39 2.23 1.19 5.85 0.87 1.76 7.56 9.39 1.82 5.98 7.67 0.16 0.02 0.06 2.94 6.41 3 5.64 3.46 9.82 0.86 5.22 1.64 7.55 3.39 5.56 0.13 7.77 2.64 2.97 4.3 3.27 2.47 8.8 7.97 2.96 8.63 5.14 1.31 4.91 2.18 5.34
double 44 inorder 3.95 2.34 0.91 1.33 4.54 3.36 5.2 8.22 1.78 5.88 7.28 8.71 4.8 8.41 8.21 8.81 3.85 1.42 1.47 1.87 6.28 1.88 5.38 6.62 6 8.39 8.94 0.34 3.39 3.62 6.57 3.4 4.95 4.96 4.72 6.03 7.56 0.56 1.08 9.53 5.33 2.5 7.35 6.44
int 45 preorder 427 590 208 114 476 561 914 55 830 63 938 974 804 979 849 101 831 468 241 218 52 918 543 240 58 807 347 390 519 664 571 389 488 46 961 962 177 891 451 168 209 274 200 798 608
int 46 inorder 624 40 997 772 251 889 414 11 2 446 872 834 91 368 619 714 281 774 490 106 83 668 862 168 225 314 184 558 69 990 455 31 954 963 786 767 952 531 566 367 419 306 607 237 524 871
double 46 postorder 9.71 8.92 8.52 2.18 9.29 2.8 8.17 9.65 4.71 6.16 5.38 4.8 2.76 0.78 6.69 2.77 1.03 9.11 6.91 4.41 3.98 9.53 0.28 5.27 3.88 1.99 1.7 3.86 0.02 2.91 7.31 7.87 4.81 4.55 1.52 4.29 2.15 5.03 3.1 2.92 2.55 7.67 8.88 4.93 4.05 1.76
int 47 preorder 493 723 357 752 843 134 167 615 989 326 239 802 766 455 852 725 179 904 667 334 462 543 560 84 931 871 232 991 903 839 55 583 210 408 691 587 530 619 375 826 200 460 887 824 245 15 158
int 47 inorder 612 42 812 128 883 894 111 567 414 762 917 836 691 572 397 546 302 814 396 25 349 854 334 404 143 563 586 146 65 15 365 592 614 121 870 305 669 386 10 483 24 366 706 176 652 931 28
int 47 postorder 107 761 873 510 97 758 128 141 407 227 476 424 868 330 804 503 378 838 695 89 591 912 789 730 136 279 919 773 846 255 32 198 831 433 53 320 77 653 339 237 910 631 229 723 149 105 507
double 48 preorder 4.46 0.65 2.08 8.96 3.6 3.49 3.24 6.29 3.36 0.76 4.86 0.42 2.89 0.38 5.22 9.57 4.94 0.94 7.18 2.18 4.09 7.37 4.39 0.21 3.21 5.55 9.71 7.86 5.67 9.84 5.74 2.07 2.96 0.49 8.7 5.49 8.88 2.69 8.33 9.48 4.36 9.54 0.46 3.81 2.44 9.76 7.49 1.6
int 48 preorder 934 842 358 927 517 740 729 125 194 705 655 766 380 82 115 681 135 633 357 315 805 257 734 755 448 723 401 882 843 55 971 919 496 200 299 336 444 291 34 4 522 869 300 525 471 978 161 464
int 48 inorder 890 378 802 168 854 269 115 542 709 909 320 863 82 380 792 958 925 260 202 632 579 50 736 910 40 823 472 450 480 229 818 476 9 492 243 644 903 530 81 477 460 619 203 37 759 102 659 511
int 49 postorder 887 923 790 202 814 467 951 394 122 362 507 182 163 522 132 147 372 980 506 791 282 935 867 933 463 687 174 327 396 632 848 649 627 760 84 842 566 579 411 762 264 288 487 469 593 963 464 596 229
double 50 postorder 1.94 4.63 0.81 2.61 7.69 9.96 8.32 5.38 8.52 4.3 5.68 3.61 1.55 5.58 7.71 5.22 2.68 7.82 0.38 8.9 0.95 4.26 6.35 7.47 6.27 7.72 9.27 9.64 9.88 8.96 9.7 5.19 2.06 3.59 9.55 0.02 7.57 6.65 6.93 4.44 1.07 3.11 4.17 3.75 6.78 8.01 8 4.64 3.09 4.89
double 50 preorder 7.67 9.9 7.31 4.49 4.28 5.32 2.07 7.86 7.28 1.32 0.68 5.91 5.23 1.46 7.58 0.25 6.92 1.23 4.58 5.25 7.83 1.1 6.56 1.31 0.91 9.97 5.48 7.21 3.4 1.38 4.63 5.26 7.68 1.07 9.8 8.52 9.14 5.07 2.62 4.26 4.42 9.42 7.6 1.68 7.08 1.79 4.21 3.87 8.83 3.26
int 50 preorder 57 369 986 743 290 784 920 401 579 7 256 825 172 792 994 367 670 84 2 781 809 202 741 635 523 368 197 751 495 982 260 903 447 872 688 45 338 48 749 896 213 129 280 470 734 475 352 899 498 962
double 56 inorder 3.96 7.86 6.79 9.15 0.84 7.91 4.09 8.99 3.19 9.53 5.06 5.77 6.07 8.41 3.36 6.76 0.47 4.08 7.31 8.4 7.65 2.13 5 1.7 5.93 1.43 1.9 2.23 1.44 4.27 5.14 5.08 4.19 0.6 6 3.57 0.46 4.36 2.37 8.39 1.61 2.9 8.12 0.88 5.3 3.09 1.33 4.54 1.11 1.14 5.38 3.07 9.98 9.04 0.66 5.76
int 57 postorder 308 259 808 681 320 55 910 244 518 111 832 187 164 822 388 239 976 378 943 967 68 463 672 480 448 479 746 189 784 528 313 230 736 50 855 835 554 916 450 492 394 682 227 296 902 768 950 386 312 190 514 157 715 830 342 723 834
int 58 postorder 230 662 396 390 979 825 212 936 271 846 521 64 757 319 350 862 504 536 221 598 229 381 529 788 262 394 482 813 163 360 858 403 847 689 356 459 240 590 248 959 674 783 767 334 125 525 41 456 281 189 216 284 649 532 998 568 763 144
double 59 preorder 9.57 7.55 8.88 8.03 2.8 3.2 3.24 1.79 9.07 0.94 4.82 4.45 1.35 8.86 8.97 5.54 9.96 4.88 8.59 5.83 0.69 3.63 7.52 1.91 6.91 3.52 8.2 0.79 7.93 5.06 9.37 1.71 8.44 0.08 1.97 8.19 2.27 7.85 4.47 5.55 7.77 7.72 1.92 1.96 6.59 6.86 6.33 4.15 3.54 6.43 6.45 6.17 2.47 6.35 5.49 2 6.08 8.7 7.71
int 59 postorder 96 542 863 47 475 429 672 907 744 193 314 176 416 113 328 791 604 73 236 590 810 877 676 512 628 767 320 31 828 976 568 731 488 817 947 271 776 677 378 335 890 291 157 57 467 870 195 362 150 280 432 992 946 401 765 517 329 231 254
int 60 preorder 648 201 802 721 348 120 587 716 223 498 826 621 83 34 910 807 955 581 822 84 819 408 113 133 63 883 62 503 981 155 775 412 614 605 585 306 405 728 520 463 550 425 486 624 291 664 347 547 946 526 491 493 592 700 140 918 218 969 368 713
double 60 inorder 0.93 7.53 6.55 0.49 6.03 4.1 3.31 8.89 0.32 8.15 5.08 9.95 6.04 3.72 1.71 5.33 8.76 8 4.18 7.67 3.64 1.1 2.5 2.42 4.13 3.24 4.09 6.35 9.11 9.4 4.53 0.12 5.72 2.52 2.02 4.81 2.78 6.27 5.63 8.44 0.42 6.21 8.53 5.2 8.3 6.14 1.86 6.31 4.99 0.15 6.17 7.47 9.87 8.1 0.76 4.07 4.69 8.37 9.02 9.78
double 61 preorder 4.47 4.91 3.76 9.58 9.76 1.73 3.27 1.61 9.37 8.7 1.59 5.24 3.66 7.04 9.23 0.19 0.29 5.87 9.42 4.57 7.59 1.86 6.9 5.05 6.16 0.35 2.95 6.87 4.99 7.74 6.84 5.68 0.97 1.35 5.62 4.56 1.87 5.93 8.5 8.41 0.1 3.85 7.24 2.88 9.62 8.42 2.63 0.56 1.97 0.92 8.48 0.88 4.05 2.37 3.13 6.03 7.41 7.86 6.52 0.16 4.82
int 63 preorder 227 165 626 946 170 509 665 617 112 171 169 272 143 199 851 72 683 289 431 220 281 940 408 734 364 371 883 797 368 250 462 384 137 671 604 283 142 542 800 265 566 877 98 26 273 837 477 116 55 779 402 589 930 238 680 84 650 340 145 217 13 458 776
double 63 inorder 3.79 5.75 3.81 9.12 5.69 1.48 5.2 2.53 8.34 4.26 8.56 0.99 9.92 5.86 5.25 3.74 1.46 8.44 6.91 6.03 5.59 4.54 4.95 5.33 9.38 5.83 9.83 9.89 2.1 9.22 6.15 0.3 7.02 0.31 5.55 5.73 3.82 0.37 6.52 9.69 3.65 4.21 5.17 9.77 9.74 9.06 7.76 9.82 7.37 0.39 7.83 6.1 4.13 4.56 3.54 4.19 1.51 1.81 3.21 1.05 2.75 3.49 8.5
int 64 postorder 398 292 433 691 778 26 331 228 799 894 995 103 34 879 677 539 304 617 729 122 232 205 850 818 875 588 534 386 480 853 802 55 280 438 351 737 243 395 874 650 346 954 666 266 288 989 516 824 366 263 716 147 178 914 286 786 83 804 316 922 289 372 764 19
double 67 inorder 6.65 1.64 1.25 5.81 3.1 1.41 9.95 5.28 9.47 4.57 5.89 9.32 7.78 8.69 3.29 4.56 0.69 0.94 3.83 7.86 1.08 1.58 2.8 2.12 8.73 5.78 3.58 5.57 9.59 3.62 2.71 4.89 0.11 8.04 3.06 2.53 2.24 8.64 6.13 0.48 7.24 2.9 8.35 0.39 1.01 2.66 7.38 7.01 8.3 6.68 2.09 1.28 1.7 0.43 1.6 6.38 9.09 8.6 4.71 3.57 8.66 6.36 4.63 8.71 2.77 4.85 2.21
double 68 postorder 4.28 0.2 0.84 4.76 6.28 1.29 8.99 2.75 8.07 5.55 2.08 5.5 6.21 2.53 6.37 7.84 3.74 9.02 5.8 7.24 3.19 1.08 4.47 2.35 7.3 2.99 6.25 0.47 3.16 5.81 9.07 0.36 6.35 5.16 4.66 6.04 2.41 8.86 8.91 8.83 8.28 3.91 4.01 8.08 6.81 3.37 1.02 5.6 6.36 1.62 5.66 1.2 4.49 3.73 0.73 0.64 8.33 4.41 0.27 3.62 0.68 5.63 1.03 0.61 0.46 6.12 3.09 5.29
int 68 preorder 987 53 180 488 918 777 126 148 102 975 648 920 172 551 838 79 69 378 866 803 937 364 790 952 531 22 863 405 540 951 699 407 614 367 743 623 837 332 87 213 291 516 701 354 607 49 617 741 886 431 37 284 306 554 666 490 793 533 231 763 677 397 829 2 884 870 195 51
double 70 preorder 5.39 2.44 9.54 7.95 2.57 4.36 1.21 7.88 1.9 3.84 7.46 0.35 7.42 1.62 6.99 6.13 8.78 4.58 1.08 2.98 8.37 0.65 1.76 2.61 0.55 3.34 1.29 8.68 1.3 0.81 2.45 5.81 6.31 7.66 9.61 4.12 7.44 8.25 4.59 3.71 3.6 2.31 8.02 8.13 3.56 3.77 6.11 1.24 8.93 4.55 4.61 4.52 9.01 5.63 5.61 9.19 6.12 7.31 5.88 1.26 8.01 9.05 0.18 8.97 0.12 4.48 6.21 5.25 4.14 2.62
int 71 postorder 465 315 257 52 877 377 665 540 457 633 342 286 25 499 330 485 660 890 853 891 775 303 364 413 772 37 246 192 248 837 23 830 547 746 203 952 250 464 536 140 190 337 768 908 942 161 141 189 406 752 370 169 349 130 85 986 954 682 380 943 430 823 863 90 991 855 806 267 563 83 291
double 72 inorder 7.38 6.97 6.82 4.77 8.61 9.32 0.01 9.55 3.59 5.42 9.13 9.46 3.98 3.7 1.48 7.03 8.02 7.21 1.88 2.88 1.15 5.07 7.42 5.87 5.93 6.52 6.07 7.17 2.67 1.42 4.76 2.42 9.22 6.65 5.46 8.97 2.22 9.56 0.9 9.17 8.27 6.92 3.34 5.59 1.71 4.48 0.36 4.32 3.1 7.06 6.87 4.71 5.88 8.75 2.65 7.84 9.07 3.5 1.65 6.59 2.37 6.3 8.79 9.44 6.84 1.25 8.1 9.92 6.17 5.17 7.34 6.56
double 74 inorder 4.3 9.33 8.34 7.24 9.63 7.42 2.02 2.73 9.8 1.5 5.32 1.39 7.11 8.35 6.91 2.1 2.52 0.96 6.58 7.28 5.91 5.02 7.01 1.68 5.77 9.28 4.74 0.13 8.71 6.41 7.02 9.95 1.01 9.79 2.29 5.35 7.38 8.47 2.23 5.56 3.39 3.31 4.1 2.47 2.45 1.81 3.85 0.41 8.07 4.28 5.04 6.35 3.74 8.64 4.77 6.7 1.08 0.6 7.69 3.72 8.76 7.61 8.11 4.35 9.6 4.6 3.79 8.32 8.62 2.67 4.59 0.3 1.18 9.07
double 75 postorder 0.59 0.82 5.89 2.44 4.56 0.49 2.59 9.85 2.62 3.58 0.31 7.29 6.29 6.14 0.63 7.28 9.48 0.79 9.98 7.44 4.09 7.02 0.43 1.29 5.15 0.74 3.67 4.36 8.08 8.79 6.83 6.37 7.35 7.84 5.73 9.76 3.88 0.88 5.01 4.23 3.51 4.34 0.42 2.26 5.25 6.97 9.35 0.47 2.6 4.73 5.47 5.59 1.4 9.69 6.99 9.3 4.21 0.04 7.74 7.37 2.7 5.23 6.16 7.63 1.04 5.53 6.92 9.59 3.25 4.53 7.01 6.77 3.07 0.75 2.67
double 76 postorder 6.12 7.87 2.56 4.99 9.91 8.87 8.79 7.35 4.19 8.76 4.68 6.38 8.83 3.71 6.85 3.91 5.91 9.18 3.5 6.04 8.82 9.79 2.3 0.05 6.1 7.11 9.22 5.24 0.94 2.27 5.66 9.35 5.1 5.62 3.14 2.12 7.98 8.27 5.23 8 2.32 8.44 8.81 9.97 4.03 8.07 0.74 9.86 0.22 9.28 5.03 6.64 6.47 3.34 8.9 1.88 6.15 5.73 6.39 6.03 3.82 9.74 3.16 1.11 2.51 0.96 9.94 0.39 7.42 2.75 5.27 2 3.54 3.43 6.56 2.68
int 76 inorder 31 488 469 665 317 591 569 99 301 776 714 821 609 316 625 440 217 274 194 936 470 560 870 382 772 853 735 741 203 679 751 977 465 531 4 26 979 803 755 222 690 54 537 716 293 969 953 708 618 218 352 87 50 202 481 248 881 336 139 529 594 702 931 952 104 216 746 338 799 876 362 965 520 519 553 567
double 77 inorder 2.79 4.39 9.45 5.36 8.32 4.03 0.53 2.65 1.24 2.03 6.05 3.36 7 4.57 9.4 6.61 3.58 6.87 3.49 0.12 1.3 6.2 5.69 5.27 1.2 7.18 5.39 3.27 5.54 3.47 3.61 1.87 4.09 1.19 1.04 6.7 4.96 3.3 6.15 8.25 5.53 0.65 7.97 6.54 9.89 0.03 8.84 2.48 2.16 3.48 5.3 7.49 5.35 0.13 3.46 7.94 4.7 4.82 8.62 0.44 4.56 2.4 6.93 7.23 9.14 2.2 3.94 5.55 0.95 4 8.37 6.48 7.67 1.69 3.02 7.85 1.63
double 79 postorder 1.69 4.37 9.72 3.45 6.32 6.71 0.21 6.15 6.92 6.51 6.9 6.47 1.47 3.67 6.75 1.29 6.96 7.66 0.34 3.04 0.99 3.63 9.75 1.34 2.54 1.21 2.77 3.98 0.46 2.7 1.96 5.51 5.38 2.56 2.28 4.55 2.43 3.88 8.96 0.23 6.23 9.78 7.41 7.31 9.22 5.53 4.88 3.34 7.29 9.04 9.58 0.18 1.25 4.68 0.03 4.9 4.84 7.3 1.8 3.22 3.09 7.85 1.74 8.43 6.54 2.46 8.81 2.11 8.35 1.87 7.69 3.86 8.92 2.04 6.42 4.74 2.06 4.97 1
int 81 preorder 965 41 285 311 403 271 484 117 936 938 177 51 561 83 691 592 535 943 331 858 302 448 552 765 816 493 418 846 94 419 624 277 690 478 517 806 447 543 579 149 657 747 407 441 801 488 740 485 308 346 262 426 170 703 49 31 916 463 73 367 91 283 235 47 515 109 787 40 351 476 412 85 909 284 501 698 777 187 211 200 265
double 81 preorder 4.55 1.98 4.56 5.56 3.88 9.6 2.86 4.71 1.74 0.3 1.25 5.21 6.52 3.74 7.43 4.93 4.98 3 8.51 0.14 9.75 5.25 0.97 4.21 4.29 7.18 5.09 4.79 8.38 4.92 4.65 0.82 0.04 6.24 6.62 3.55 8.34 9.35 5.88 1.7 3.84 4.54 3.33 0.89 3.73 9.19 5.92 3.98 0.4 8.25 2.27 7.92 3.03 1.19 6.17 2.67 5.44 0.26 1.38 9.86 2.93 3.25 2.08 8.94 5.65 0.77 2.32 8.78 8.47 6.15 7.84 4.09 0.15 5.16 1.77 2.06 1.79 2.02 7.26 6.13 1.46
double 83 postorder 0.13 3.93 4.21 2.88 6.42 9.25 3.88 4.8 6.41 7.41 1.81 4.35 4.11 0.92 3.2 1.92 3.35 9.37 9.91 3.34 3.5 1.59 5.1 8.72 8.91 3.38 6.43 6.34 5.93 9.13 5.69 4.63 7.9 3.47 4.55 3.42 8.38 5.46 7.56 8.48 9.31 5.15 5.54 2.91 2.16 9.7 7.39 5.42 4.64 3.39 8.97 5 5.07 0.58 3.14 9.88 0.9 6.76 8.93 2.76 0.48 4.77 6.56 5.8 7.14 6.5 2.49 2 5.47 5.88 1.9 9.67 6.03 6.2 1.24 6.36 1.46 8.6 7.2 8.34 2.44 6.55 3.76
int 84 inorder 218 607 867 220 357 390 78 981 621 933 25 108 877 922 932 814 38 982 989 167 303 580 463 216 855 828 988 291 781 310 908 699 502 151 80 770 800 573 515 400 835 901 395 566 769 962 727 809 428 389 830 955 289 909 285 561 661 553 717 334 701 512 569 341 484 31 780 162 637 686 815 342 839 861 439 549 677 343 611 141 467 199 979 217
int 87 preorder 154 325 93 52 169 103 390 125 180 310 840 641 199 262 465 847 954 77 672 838 441 920 648 835 328 907 376 570 654 663 149 991 975 949 223 221 955 515 344 880 818 415 21 728 541 168 345 121 807 972 768 938 309 668 279 725 65 399 517 95 544 122 640 191 320 437 418 212 260 596 547 529 646 554 271 92 272 369 466 786 587 143 84 82 118 639 535
int 87 preorder 584 582 126 345 992 873 923 856 664 364 226 875 825 546 543 672 808 579 296 268 303 671 24 568 322 544 940 256 692 76 950 677 807 897 806 793 181 978 23 516 612 182 448 501 996 146 651 100 75 216 81 691 421 886 814 630 486 929 169 655 372 884 360 166 129 116 361 44 811 245 186 471 171 374 796 735 430 513 475 234 928 802 220 723 375 184 103
double 87 inorder 7.77 5.54 8.7 0.74 8.4 8.77 1.5 9.49 4.13 3.82 4.98 9.13 8.25 6.06 9.6 7.22 4.59 7.44 2.8 2.93 6.16 4.94 2.79 9.67 5.17 6.46 7.58 9.15 6.86 6.93 7.87 8.07 9.45 0.03 3.62 3.32 3.43 3.73 2.58 5.15 8.61 6.67 3.81 3.37 1.51 8.6 4.36 1.29 2.09 1.73 1.9 1.34 6.57 2.73 8.35 6.09 5.07 1.03 1.21 3.57 1.14 0.97 6.07 1.77 7.96 7.29 3.15 6.58 2.78 4.3 1.91 0.5 8.1 5.61 8.97 5.81 6.84 7.8 6.51 0.69 9.2 3.07 7.98 1.19 9.61 2.99 2.23
int 88 inorder 987 40 387 81 602 31 48 829 424 196 194 616 310 670 361 759 414 627 286 576 555 906 138 741 901 534 500 610 564 697 709 886 359 753 855 322 881 876 977 547 552 817 406 548 284 442 938 9 61 889 88 747 793 365 267 84 145 511 861 205 415 298 643 247 467 997 478 203 574 499 787 44 700 228 303 812 986 738 678 459 10 312 590 882 727 516 955 540
int 89 postorder 764 530 908 718 854 409 869 445 966 680 325 383 337 450 353 663 710 212 538 297 732 173 934 278 839 603 101 881 851 734 797 112 790 406 812 252 895 32 905 126 898 866 15 7 975 643 712 155 320 714 860 702 914 903 821 899 589 497 601 552 880 506 894 566 667 526 481 330 632 508 862 280 626 835 12 504 76 246 384 560 392 286 627 833 389 269 988 439 787
int 90 postorder 961 56 575 139 434 856 399 842 459 71 998 955 523 910 524 416 378 312 823 890 168 335 811 538 72 577 700 981 282 639 336 432 288 330 926 394 54 880 53 879 281 772 903 388 568 551 74 75 80 845 720 922 294 311 52 916 242 959 713 458 893 952 618 911 457 215 929 193 309 686 332 413 874 183 55 544 830 313 150 704 650 412 502 401 362 808 246 462 292 482
int 90 inorder 85 644 335 611 575 739 648 539 193 617 70 424 840 181 374 442 142 854 265 16 8 928 406 201 67 1 284 272 721 688 199 69 922 400 73 262 734 904 427 271 780 899 292 177 926 766 151 852 710 122 959 491 200 713 863 919 97 977 15 204 605 409 267 390 160 991 269 616 582 844 998 898 638 873 761 481 145 164 66 874 797 296 453 291 338 567 514 61 479 602
double 92 postorder 7.26 8.08 6.11 5.08 1.75 4.87 9.78 1.69 5.71 8.52 4.13 2.65 3.67 1.48 0.18 5.12 3.8 1.92 2.43 8.63 9.16 7.18 5.51 2.06 0.99 9.32 0.13 7.61 2.13 0.72 0.17 7.86 1.73 6.33 1.3 8.46 4.75 0.4 0.24 5.32 2.16 6.82 0.51 1.36 2.56 6.39 0.66 3.57 2.71 1.17 4.08 3.22 3.95 5.4 7.32 4.45 8.75 1.14 2.1 3.56 8.14 2.21 9.86 5.7 8.94 5.62 5.44 8.22 8.65 1.23 1.62 2.29 2.89 5.25 2.35 6.25 7.91 5.45 5.68 1.6 0.6 6.08 6.14 0.62 7.01 4.78 4.84 5.9 4.04 7.97 8.84 1.95
int 92 preorder 106 252 794 136 866 852 72 831 604 361 571 564 310 788 296 187 818 141 763 360 148 319 355 948 311 317 661 313 8 282 580 463 105 940 415 964 192 228 749 803 219 445 431 30 743 894 471 65 453 757 470 627 250 505 542 517 935 901 229 529 642 18 938 274 992 379 432 124 563 175 675 847 488 11 795 778 930 685 160 610 260 109 975 722 920 601 336 595 484 265 988 494
int 92 inorder 68 254 552 605 176 996 842 166 432 190 537 84 13 544 364 956 116 237 886 933 268 511 352 534 38 321 413 341 123 529 276 180 119 586 932 163 954 821 152 497 733 939 290 755 306 339 514 898 763 747 981 473 725 994 889 998 461 831 477 934 531 627 493 812 900 623 96 856 577 762 188 310 807 558 945 73 71 715 203 198 661 195 305 664 600 683 184 48 138 949 214 353
double 93 postorder 6.08 3.54 8.55 3.18 9.82 6.17 1.08 7.14 3.13 0.64 7.56 2.36 1.81 0.32 0.7 9.03 3.17 7.01 7.49 8.23 3.05 0.2 2.38 6.35 3.2 6.05 4 7.68 0.51 5 6.83 8.75 2.61 6.03 8.94 2.68 0.12 3.22 5.49 9.43 1.56 5.83 6.95 7.71 6.15 8.63 3.86 0.73 2.21 4.74 4.19 9.3 7.94 8.06 6.76 1.09 4.82 5.64 1.46 9.75 4.72 9.12 2.41 6.5 2.31 3.92 4.2 8.37 5.15 2.28 9.36 0.28 6.42 0.79 0.33 9.64 6.31 4.77 1.21 3.29 3.52 4.83 0.14 2.7 5.23 8.84 1.65 5.73 2.05 8.73 5.32 3.66 0.55
double 95 preorder 8.89 6.22 0.3 7.58 9.91 8.22 7.05 1.5 1.83 9.24 9.32 3.09 8.58 6.75 5.25 7.77 4.2 8.15 1.13 9.37 4.61 9.54 4.96 5.78 4.41 1.05 2.68 8.29 0.77 8.56 3.66 2 7.69 2.1 8.08 6.34 0.94 9.93 4.03 6.41 0.59 1.16 9.87 6.1 9.33 2.4 3.39 0.56 1.92 8.7 4.88 2.23 5.08 3.65 4.58 5.43 1.06 6.17 7.85 7.62 9.26 5.05 5.48 3.11 2.84 2.69 9.42 2.99 7.7 2.93 9.21 1.75 2.34 1.11 2.04 7.61 7.47 5 2.56 1.25 1.34 8.52 5.18 3.14 5.84 0.54 6.93 6.99 2.39 7.89 2.12 2.22 4.01 9.35 4.89
int 96 preorder 73 746 659 793 551 384 82 591 465 725 284 597 866 86 308 389 987 16 745 688 840 646 596 257 602 550 616 290 327 669 572 277 97 280 949 95 91 739 815 208 507 214 931 954 336 269 537 607 242 839 965 863 159 934 126 19 560 768 533 316 741 764 756 542 138 722 824 971 973 252 136 728 72 994 81 736 876 571 418 641 468 65 18 212 578 615 438 889 122 513 784 246 9 742 850 938
double 96 postorder 4.18 8.47 2.19 9.13 0.57 2.44 5.1 0.07 8.95 1.78 2.69 6.79 3.04 3.75 0.84 1.03 2.18 9.7 1.19 7.22 4.51 1.69 3.95 3.16 4.29 2.65 5.83 9.37 3.1 2.35 2.78 5.9 9.81 9.52 4.06 5.11 8.13 9.64 2.43 8.17 2.62 0.09 4.11 7.17 8.24 7.49 6.71 2.79 5.05 3.69 3.25 9.32 8.75 6.47 0.69 5.71 5.04 7.15 0.98 5.94 9.43 9.07 9.73 7.35 7.34 1.75 0.39 8.28 6.65 8.23 4.19 2.99 5.7 8.29 3.36 0.93 2.09 2.5 9.6 8.68 3.51 3.82 5.45 2.1 0.86 6.36 4.15 0.38 3.01 0.63 1 9.06 9.75 0.78 8.69 2.45
int 99 postorder 50 451 844 314 128 577 543 955 273 849 554 759 965 848 494 202 642 782 29 752 922 643 969 324 846 903 758 115 719 639 862 351 720 277 94 644 52 853 905 779 689 700 830 691 276 21 533 459 463 615 431 22 282 302 449 762 665 839 587 294 518 675 469 825 657 285 32 532 377 648 677 672 716 177 972 730 623 777 580 452 417 75 384 410 541 511 466 627 34 507 963 289 44 712 311 203 414 265 852
double 100 inorder 6.88 3 8.86 6.78 9.87 2.4 6.55 6.92 9.89 0.11 1.56 6.4 9.86 4.74 6.48 7.02 1.32 5.38 8.56 2.54 6.1 2.48 4.62 5.26 2.49 0.49 9.16 7.48 4.84 5.65 1.76 3.2 9.53 2.13 2.31 1.61 4.29 3.64 0.06 5.97 8.2 9.01 2.42 5.96 5.5 7.15 3.41 8.77 1.75 7.55 4.99 4.48 8.32 4.12 4.37 4.78 0.57 4.76 2.81 1.49 7.58 2.68 7.74 9.13 4.26 3.79 2.83 2.27 4.9 1.33 6.07 6.37 6.12 1.48 4.72 1 5.99 5.17 7.61 2.88 1.15 6.9 4.97 5.59 6.18 8.85 3.58 0.72 2.05 5.83 7.34 1.03 7.25 1.45 1.31 1.35 4.23 8.61 3.14 4.67
int 100 preorder 3 439 474 363 898 586 147 654 553 260 697 398 648 416 628 489 521 157 177 25 607 459 829 470 255 923 948 864 341 197 741 403 814 29 585 787 80 312 537 266 164 4 314 749 701 896 367 327 268 330 735 329 719 315 818 102 111 631 270 481 249 117 40 272 988 104 918 206 704 62 844 379 251 832 603 349 906 469 674 815 753 411 538 187 977 512 96 248 434 353 779 98 43 493 424 461 615 166 462 893
double 102 postorder 0.23 4.2 0.43 6.67 0.64 7.33 4.71 0.37 9.53 4.68 3.8 5.82 9.04 0.04 9.89 9.5 1.9 8.83 9.95 9.72 2.93 9.21 1.79 4.7 5.31 2.14 8.44 9.98 9.55 6.28 7.08 2.41 1.65 6.92 4.72 6.91 4.1 5.01 4.85 5.7 6.71 8.97 5.4 2.11 4.59 8.85 1.25 4.57 6.35 3.17 1.91 6.74 0.05 9.41 2.36 2.66 6.33 0.31 3.45 4.66 8.81 5.56 8.65 2.45 3.91 3.7 8.73 7.39 9.42 7.78 1.48 1.75 4.25 3.3 7.23 0.39 9.28 6.63 4.67 2.15 4.49 2.51 8.76 5.17 3.42 6.86 5.91 9.48 2.03 6.5 7.45 0.88 4.11 7.14 9.25 5.44 7.48 7.34 6.7 9.38 5.18 7.46
double 104 inorder 6.32 5.92 6.27 3.21 4.07 2.05 1.44 5.09 2.27 9.48 4.12 6.13 3.83 3.23 5.57 7.47 9.91 3.53 5.5 2.92 7.92 8.9 5.62 7.08 6.15 7.11 2.14 0.45 6.84 6.93 2.47 2.98 8.45 1.11 6.31 4.56 3.04 9.72 4.05 7.39 3.49 7.96 9.38 7.37 6.53 7.12 6.81 7.35 8.67 4.61 6.87 1.69 4.5 1.18 8.16 2.96 4.53 5.46 5.3 6.29 2.59 2.09 6.63 2.51 0.82 2.44 0.78 7.89 7.69 0.41 8.92 5.91 5.85 6.01 0.09 6.22 7.8 7.32 0.29 9.18 5.1 0.68 2.5 9.25 4.51 3.55 9.37 7.45 0.15 2.7 7 2.13 1.07 4.44 6.16 3.09 1.41 2.29 2.77 1.54 5.31 0.84 7.5 1.73
int 104 postorder 969 977 767 665 410 63 567 351 346 708 858 377 714 240 532 100 842 990 891 733 418 95 676 3 819 39 478 574 91 631 308 234 104 86 236 307 327 98 209 461 419 232 8 405 783 771 938 388 239 172 133 832 328 748 963 803 727 314 103 489 75 473 283 38 823 92 669 950 135 350 510 944 914 438 993 753 757 528 740 666 493 679 499 357 728 919 516 152 416 543 51 989 945 383 84 915 523 623 577 519 913 169 618 636
double 105 preorder 3.59 4.12 7.56 9.24 4.93 8.55 7.02 9.38 8.19 8.16 1.85 4.29 9.36 7.44 1.6 0.79 6.15 1.39 9.3 3.32 2.61 1.95 8.4 2.54 6.43 1.8 3.46 0.15 6.42 8.43 3.35 6.92 9.42 7.69 9.72 8.01 4.98 4.57 7.23 9.1 4.18 3.45 8.62 8.07 6.48 6.89 0.17 0.42 7.43 4.88 5.71 2.58 0.75 1.73 1.86 8.25 5.18 6.31 8.81 1.98 8.34 0.36 1.3 5.61 4.86 2.81 8.39 7.82 6.98 4.61 1.65 5.17 2.83 8.66 8.05 6.75 9.4 7.5 1.99 2.96 4.67 7.41 1.08 0.59 3.16 6.56 4.47 9.59 0.74 3.7 7.13 3.95 8.77 6.45 9.89 6.88 1.47 0.71 0.58 9.18 1.61 6.23 2.62 3.18 1.87
double 107 inorder 3.23 1.44 6.41 2.68 5.25 5.13 5.41 7.39 5.15 3.95 1.47 8.53 4.66 5.98 2.72 5.68 0.38 1.37 3.25 4.82 7.27 6.79 4.87 9.49 3.1 8.16 5.11 8 2.75 5.91 2.95 9.31 4.26 9.09 1.06 6.24 6.1 8.07 6.06 8.84 4.85 5.29 3.07 2.44 5.28 7.85 0.83 3.26 9.73 0.9 9.06 4.12 5.65 5.97 7.34 5.44 2.86 8.27 0.43 4.58 9.66 9.01 5.78 3.54 1.26 3.59 7.65 5.17 8.98 8.22 2.06 0.29 1.03 2.59 4.17 8.1 0.66 9.2 6.01 9.36 6.25 9.51 6.33 9.88 1.39 4.97 7.45 6.11 4.2 0.02 9.42 2.1 2.13 8.95 3.37 4.15 9.54 2.61 2.17 9.86 9.72 2.46 7.98 0.03 0.36 8.83 9.63
int 108 preorder 984 668 330 136 980 178 214 180 114 548 110 575 903 355 749 549 26 518 385 912 171 561 953 150 74 659 107 743 85 63 639 989 463 476 900 31 475 240 763 237 841 123 985 55 221 689 760 573 859 160 883 595 79 28 679 5 100 616 233 568 576 813 166 456 919 925 564 284 430 756 287 153 352 961 694 494 532 683 486 19 56 719 65 714 948 283 579 757 318 468 784 66 842 642 16 348 612 964 993 920 500 590 816 265 290 632 122 675
