int 10 inorder 790 964 63 638 953 273 690 299 117 217
int 10 postorder 102 836 893 956 420 958 828 994 95 395
int 11 postorder 684 235 362 34 138 116 557 234 214 503 406
int 11 preorder 531 595 116 691 734 497 207 298 48 91 371
int 11 preorder 819 39 610 739 260 879 15 407 283 842 747
int 11 preorder 877 508 919 191 411 302 568 259 124 528 232
int 13 preorder 894 509 895 682 919 464 656 832 376 861 405 811 177
int 13 preorder 251 144 567 839 9 843 95 397 951 683 428 512 727
int 15 postorder 29 931 849 434 406 91 42 618 491 160 910 75 24 982 378
int 17 inorder 966 133 497 704 861 100 549 381 388 2 491 26 97 177 151 275 728
int 19 postorder 857 478 893 430 137 793 299 389 600 867 512 153 735 379 262 427 65 844 557
int 23 postorder 791 38 686 84 755 719 523 968 470 526 540 892 867 484 673 204 219 257 592 496 82 88 242
int 24 inorder 31 303 470 374 471 297 969 334 699 67 181 823 259 475 670 922 210 227 436 482 175 222 930 951
int 25 inorder 313 335 57 191 86 882 330 275 385 443 696 575 792 980 781 268 122 501 635 844 128 606 252 316 269
int 27 preorder 27 584 367 51 501 727 607 588 327 530 352 690 992 41 689 969 618 149 830 178 382 781 276 759 189 863 534
int 28 preorder 829 689 51 935 915 447 526 898 971 604 627 32 222 290 919 202 743 979 569 269 893 721 894 389 300 823 951 187
int 29 postorder 285 733 210 899 565 621 592 887 545 778 496 743 801 582 595 101 588 405 833 312 804 118 835 3 248 567 422 318 454
int 29 preorder 621 989 566 251 51 305 651 788 155 11 341 4 954 900 116 669 186 370 628 968 539 646 597 932 436 686 433 866 83
int 31 inorder 649 625 91 604 988 516 357 973 289 690 959 619 659 658 137 298 141 650 120 54 983 836 35 130 10 997 121 75 987 322 96
int 34 preorder 229 299 225 749 733 976 282 590 665 620 643 263 206 249 853 340 201 799 259 137 842 965 789 124 515 841 293 970 566 893 328 628 70 849
int 35 preorder 698 114 648 366 622 575 552 674 184 164 235 158 879 639 661 11 606 570 275 898 684 202 105 582 34 6 141 664 781 594 779 116 212 387 413
int 35 preorder 598 775 745 602 765 894 783 712 242 726 424 874 716 572 168 248 471 498 564 896 435 87 262 589 342 469 479 557 796 987 805 802 681 44 688
int 36 postorder 824 110 128 747 100 368 386 525 716 54 71 9 804 805 655 427 906 17 842 872 695 132 924 843 578 318 788 443 607 61 595 285 963 564 19 810
int 37 inorder 982 278 893 868 837 162 584 79 945 923 27 20 685 227 740 100 106 35 618 351 653 930 850 861 458 375 548 354 324 788 635 426 253 807 15 903 452
int 40 postorder 338 644 647 387 910 102 456 217 761 290 135 364 509 475 545 916 574 558 469 312 106 493 191 494 918 697 517 579 590 100 423 68 346 109 652 216 793 215 331 725
int 40 preorder 583 92 968 351 731 529 592 813 146 233 190 499 899 154 859 151 205 648 390 102 3 664 242 130 874 584 863 251 693 807 204 393 218 184 932 62 901 17 109 595
double 41 inorder 7.9 5.54 9.63 6.46 4.75 4.49 4.18 7.07 5.2 2.14 8.85 3.43 7.98 4.12 1.64 2.91 9.48 7.75 7.49 7.67 1.78 7.6 7.21 6.08 5.49 3.87 8.28 5.59 3.45 5.97 8.32 3.56 8.51 9.95 4.57 7.89 3.89 0.95 8.63 8.78 7.72
int 42 preorder 214 131 846 87 10 832 798 86 526 714 302 273 974 431 708 802 83 718 628 11 396 189 537 978 984 474 252 105 816 835 122 357 862 36 657 810 677 28 652 998 879 391
int 43 postorder 408 102 321 208 481 503 121 915 3 258 388 697 266 633 111 218 920 829 286 188 432 853 795 945 648 771 485 220 567 145 837 270 598 69 4 943 914 520 988 778 575 106 834
double 44 postorder 7.75 5.2 5.99 5.09 7.03 7.19 6.59 9.13 6.07 0.53 7.05 2.12 8.31 4.43 8.74 2.22 4.53 1.11 8.06 0.01 2.75 8.98 4.69 9.69 0.06 1.82 1.23 2.92 5 9.32 0.47 9.93 3.07 1.65 9.48 2.42 0.17 9.54 0.97 4.27 0.4 3.56 4.97 4.68
int 44 preorder 288 170 793 554 544 784 903 958 694 490 650 294 788 177 476 603 341 220 203 370 850 397 269 362 855 843 298 201 818 813 612 919 75 838 973 929 70 845 872 734 332 339 626 174
int 45 preorder 169 732 778 821 802 580 15 698 76 215 827 130 907 477 944 432 598 797 71 280 710 561 424 973 674 761 878 140 121 338 107 624 386 344 947 249 89 220 290 221 110 885 124 836 731
int 45 preorder 376 764 663 561 693 197 138 553 497 935 88 300 865 989 842 229 441 387 536 810 992 44 150 225 816 751 794 325 714 975 897 402 777 498 336 157 261 406 241 239 108 968 446 626 39
double 46 postorder 9.71 8.92 8.52 2.18 9.29 2.8 8.17 9.65 4.71 6.16 5.38 4.8 2.76 0.78 6.69 2.77 1.03 9.11 6.91 4.41 3.98 9.53 0.28 5.27 3.88 1.99 1.7 3.86 0.02 2.91 7.31 7.87 4.81 4.55 1.52 4.29 2.15 5.03 3.1 2.92 2.55 7.67 8.88 4.93 4.05 1.76
int 47 postorder 594 749 346 396 569 631 446 403 544 283 892 951 194 555 477 748 617 600 324 223 377 480 357 80 872 50 758 136 512 150 318 442 964 576 409 754 641 55 573 367 388 973 117 187 295 435 62
double 49 inorder 3 2.8 4.27 8.3 6.35 8.15 8.96 4.56 9.7 9.84 6.71 0.48 5.08 5.59 3.12 1.32 5.52 2.87 6.25 8.41 8.49 4.92 5.58 9.44 2.53 7.01 0.13 6.65 2.72 4.48 6.27 5.35 8.69 1.36 9.14 9.07 8.03 4.34 6.01 0.38 1.2 4.18 0.53 2.15 5.61 1.87 3.72 6.36 6.73
int 50 preorder 57 369 986 743 290 784 920 401 579 7 256 825 172 792 994 367 670 84 2 781 809 202 741 635 523 368 197 751 495 982 260 903 447 872 688 45 338 48 749 896 213 129 280 470 734 475 352 899 498 962
double 53 inorder 7.72 4.63 4.3 0.77 3.82 1.46 6.81 8.85 8.1 7.21 8.82 1.6 0.26 4.88 1.48 8.58 6.95 1.57 5.25 1.05 9.78 4.21 5.9 6.8 7.89 7.9 5.18 7.44 6.2 6.17 7.63 2.77 5.33 2.63 3.6 9.58 8.11 3.91 8.42 9.24 2.51 0.94 2.78 4.03 8.26 5.53 8.76 4.68 3.47 3.36 0.6 6.37 2.22
int 53 postorder 433 221 609 837 501 288 778 648 19 215 445 985 7 385 331 921 796 776 314 691 154 234 369 199 339 833 474 136 198 623 52 162 930 940 319 529 165 595 349 41 132 672 661 324 726 44 513 457 494 721 779 592 625
int 53 inorder 373 643 852 580 774 678 389 37 805 673 638 353 335 287 148 867 509 932 331 445 173 578 163 78 936 400 563 225 884 588 395 229 834 131 243 354 444 689 139 688 686 974 948 467 534 799 525 572 735 443 171 755 87
int 54 preorder 182 988 928 768 38 70 88 35 943 466 105 222 685 58 937 615 322 973 27 57 614 766 152 996 396 731 955 234 268 949 536 95 65 728 350 860 265 745 415 519 800 296 7 343 101 326 8 501 201 790 380 184 856 207
double 55 preorder 0.25 0.72 5.88 4.49 8.52 4.28 2.93 8.61 9.7 1.87 1.97 4.6 4.11 0.21 5 8.69 3.83 4.45 2.89 7 3.98 1.48 3.84 7.79 5.71 6.71 5.26 3.32 4.81 0.49 5.37 2.69 9.8 5.57 6.66 4.62 0.07 1.95 6.45 6.76 7.49 7.86 7.61 8.95 6.81 6.87 8.81 3.85 0.68 8.9 9.55 1.31 6.65 7.3 2.38
int 60 inorder 178 80 715 276 561 48 476 460 529 589 174 867 847 573 575 771 966 922 24 834 224 863 297 431 601 332 571 893 362 135 182 635 745 355 807 712 840 383 548 223 969 872 661 32 271 626 777 301 311 259 764 620 378 711 330 231 647 333 703 67
int 60 postorder 87 805 138 14 366 183 429 131 222 661 960 530 75 526 195 206 76 427 296 339 969 34 181 305 345 97 433 264 13 455 604 799 62 690 11 250 857 840 287 493 120 724 317 551 807 173 480 489 545 38 116 362 5 240 118 149 82 828 756 390
int 62 preorder 88 417 644 161 795 430 502 529 68 264 881 310 955 173 125 436 171 188 560 496 41 368 341 966 855 885 274 231 254 342 377 44 236 880 663 352 579 453 45 590 285 594 949 235 826 463 33 167 288 282 289 915 793 892 186 815 978 642 149 472 827 813
int 63 preorder 227 165 626 946 170 509 665 617 112 171 169 272 143 199 851 72 683 289 431 220 281 940 408 734 364 371 883 797 368 250 462 384 137 671 604 283 142 542 800 265 566 877 98 26 273 837 477 116 55 779 402 589 930 238 680 84 650 340 145 217 13 458 776
int 64 postorder 791 622 892 858 689 237 478 22 877 306 718 206 246 958 47 851 27 414 610 346 976 659 252 74 410 81 693 241 230 506 99 909 820 451 381 823 82 772 360 974 523 584 498 373 103 170 835 287 141 448 621 845 138 700 503 232 611 846 250 345 215 178 207 762
int 64 preorder 75 183 118 16 939 384 156 68 113 992 785 867 84 512 518 132 262 436 533 284 389 854 56 889 724 12 135 194 670 21 509 628 873 201 562 212 58 740 608 976 808 494 338 335 438 493 540 960 824 370 709 221 791 225 47 669 54 3 405 828 292 857 577 823
double 65 preorder 9.51 2.97 8.91 5.31 0.96 2.29 9.91 9.96 5.23 5.73 1.48 8.19 3.35 4.01 3.44 3.65 3.13 3.23 4.22 8.77 6.28 4.53 2.89 4.96 8.33 9.68 3.19 1.6 7.32 4 0.02 8.59 6.11 8.13 9.09 2 7.33 7.91 7.21 4.12 5.24 8.37 4.77 5.05 3.36 1.77 8.47 8.74 1.7 2.43 1.94 2.79 1.98 9.59 4.74 7.02 7.51 4.36 5.47 9.57 0.09 3.9 7.39 9.1 6.88
double 65 postorder 2.54 1.13 6.9 9.23 6.69 2.78 8.29 3.25 2.7 9.66 2.96 6.85 3.47 8.24 1.41 6.1 9.21 3.53 3.99 2.66 2.17 8.07 1.5 5.96 0.41 9.59 6.01 4.65 9.77 4.01 4.97 8.99 8.23 4.88 3.86 9.41 3.19 9.6 2.22 5.66 8.6 7.87 9.65 4.32 7.17 4.38 1.3 7.83 7.57 7.43 7.45 8.42 5.3 7 6.6 4.27 4.42 6.44 7.18 9.09 8.18 5.72 5.92 4.71 4.89
double 66 postorder 6.59 6.8 2.24 7.25 4.13 6.15 1.15 5.85 5.08 0.86 9.82 8.42 0.19 5.59 2.93 6.2 8.94 5.77 8.93 2.96 5.81 4.76 1.2 3.17 4.37 1.17 7.85 1.72 1.21 0.96 9.28 6.41 9.01 6.44 6.56 0.2 6.76 6 2.51 3.31 4.38 3.53 4 7.76 3.75 0.14 5.02 8 8.96 6.25 0.15 3.26 6.54 8.57 8.06 5.3 3.59 1.67 8.75 4.1 9.74 1.59 4.41 2.78 1.92 9.34
int 69 preorder 825 306 394 518 545 11 89 441 87 263 640 696 235 723 996 196 67 803 497 562 792 41 138 667 74 755 971 40 307 673 228 813 833 984 152 248 171 206 434 1 351 899 595 714 63 677 530 724 284 104 506 610 919 973 534 637 968 574 522 624 52 429 216 55 801 587 660 467 659
int 70 inorder 651 286 789 254 554 406 370 902 263 632 603 68 567 618 654 309 116 814 119 784 59 709 204 376 61 392 832 40 270 790 72 499 74 44 760 86 727 118 212 810 585 715 785 100 437 382 812 414 229 907 532 482 798 304 701 323 453 993 7 514 662 793 490 557 996 604 850 367 29 622
double 70 preorder 5.39 2.44 9.54 7.95 2.57 4.36 1.21 7.88 1.9 3.84 7.46 0.35 7.42 1.62 6.99 6.13 8.78 4.58 1.08 2.98 8.37 0.65 1.76 2.61 0.55 3.34 1.29 8.68 1.3 0.81 2.45 5.81 6.31 7.66 9.61 4.12 7.44 8.25 4.59 3.71 3.6 2.31 8.02 8.13 3.56 3.77 6.11 1.24 8.93 4.55 4.61 4.52 9.01 5.63 5.61 9.19 6.12 7.31 5.88 1.26 8.01 9.05 0.18 8.97 0.12 4.48 6.21 5.25 4.14 2.62
double 71 postorder 9.56 7.55 8.66 0.79 6.64 5.23 5.08 6.79 9.15 5.74 7.1 5.58 9.02 5.25 5.95 3.97 2.14 3.17 9.5 4.63 1.04 7.78 6.16 6.83 5.65 2.18 0.31 0.14 9.65 0.39 8.01 5.81 1.44 2.4 8.38 6.75 8.74 5.28 3.24 4.9 9.36 0.81 5.18 8.18 4.57 3.56 4.45 7.62 6.97 3.5 5.03 6.04 7.37 4.22 7.19 8.25 5.29 0.32 4.42 4.12 7.67 9.4 9.61 2.25 3.26 7.57 5.6 9.73 3.64 4.53 6.45
int 71 postorder 465 315 257 52 877 377 665 540 457 633 342 286 25 499 330 485 660 890 853 891 775 303 364 413 772 37 246 192 248 837 23 830 547 746 203 952 250 464 536 140 190 337 768 908 942 161 141 189 406 752 370 169 349 130 85 986 954 682 380 943 430 823 863 90 991 855 806 267 563 83 291
double 71 preorder 2.55 7.8 2.33 6.3 6.09 8.87 8.04 7.19 1.31 6.18 5.13 8.27 5.36 0.37 3.6 7.98 5.42 5.34 2.19 8.65 9.63 5.91 9.12 1.1 6.31 6.72 3.29 9.91 2.15 6.15 0.86 6.36 5.77 8.25 8.52 2.91 3.78 8.94 1.52 2.23 4.58 8.18 5.81 4.64 0.52 5.44 7.18 0.26 6.65 4.01 6.12 0.36 5.73 3.07 2.26 1.16 2.48 3.72 0.71 8.1 1.83 9.96 3.33 9.88 5.39 8.11 5.68 1.14 5.11 4.83 0.44
double 71 preorder 5.94 0.16 5.11 3.03 4.72 1.52 1.66 2.32 4.7 8.26 1.93 0.56 9.51 1.98 4.49 5.4 9.92 8.78 8.67 6.64 3.04 1.29 0.5 8.66 2.17 2.09 1.3 1.39 4.65 2.49 0.57 9.63 2.1 1.75 4 4.38 2.02 0.21 9.79 0.09 1.5 5.1 6.34 2.92 2.75 4.8 3.68 1.38 6.2 9.16 8.77 5.29 7.77 3.5 5.67 6.55 2.42 6.83 3.12 7.31 7.16 4.61 8.28 5.56 0.15 0.38 9.48 7.87 5.35 4.67 2.13
double 72 postorder 4.54 7 0.81 7.29 2.24 1.09 1.8 9 6.92 2.99 4.66 9.56 2.18 0.92 1.48 9.74 8.02 7.41 0.65 2.3 9.87 3.45 8.63 3.09 3.76 0.24 7.22 6.6 7.9 8.98 3.77 1.08 4.82 3.59 5.6 2.11 3.61 9.45 6.04 9.61 0.44 0.34 3.48 8.78 5.18 8.5 1.05 1.57 8.08 9.89 3.65 1.51 2.88 1.16 4.4 9.62 2.28 0.96 5.06 8.69 6.95 7.26 6.48 2.05 2.77 9.52 0.7 8.9 7.47 4.81 6.96 7.46
int 73 postorder 234 183 567 988 503 235 885 498 471 285 674 772 280 449 362 216 817 566 360 628 916 549 292 896 745 653 222 736 138 795 27 154 802 948 526 981 807 88 944 190 18 529 899 898 440 446 97 890 577 984 60 853 209 21 970 924 871 605 550 74 228 740 338 963 166 623 189 907 1 938 969 632 214
double 74 preorder 4.82 0.41 4.72 2.91 1.56 7.76 6.91 7.6 1.91 3.54 6.16 2.57 5.3 8.81 0.67 1.54 6.8 7.07 5.78 2.88 9.98 4.9 3.53 7.84 3.43 0.76 7.06 5.67 0.61 5.66 7.64 9.71 1.04 8 6.54 5.6 4.02 8.6 1.73 7.7 1.98 9.61 0.75 1.53 4.8 0.73 8.96 5.77 7.32 6.39 0.8 3.7 8.84 2.71 1.09 9.41 9.38 7.14 7.58 2.33 6.94 9.18 3.13 8.31 3.37 0.79 5.22 2.78 6.37 6.14 2.1 8.57 0.69 3.91
double 76 inorder 5.53 3.63 3.73 3.67 4.29 0.14 5.09 9.54 1.9 6.64 6.26 7.49 6.1 2.65 0.02 9.9 3.76 6.71 0.47 1.34 0.2 5.48 4.48 1.44 5.24 6.54 5.59 4.76 2.7 9.12 6.96 4.07 0.77 5.46 2.26 2.37 0.46 7.21 1.55 7.3 7.45 7.13 4.26 7.85 6.65 7.54 5.66 0.17 5.71 3.8 3.74 6.89 6.04 4.51 9.79 6.75 3.85 8 5.3 6.66 5.94 8.38 2.12 0.21 4.84 4.3 2.94 0.52 1.01 0.95 1.75 9.77 2.81 0.88 0.71 8.89
double 76 postorder 8.72 5.02 4.61 6.92 9.36 9.46 6.37 9.63 3.56 3.31 2.08 7.37 8.12 4.59 7.06 3.86 6.22 8.19 4.46 1.66 4.23 3.13 6.43 3.59 4.04 8.43 2.86 4.86 6.32 9.01 2.35 1.49 2.54 1 0.37 1.27 5.82 5.96 7.43 2.48 8.51 8.85 4.31 0.17 1.48 6.45 3.21 3.77 3.15 9.25 7.22 0.89 5.83 7.15 2.88 1.71 1.13 9.55 8.63 1.28 2.09 1.7 9.67 9.93 1.02 9.23 2.66 1.77 0.77 1.62 1.06 7.79 0.05 1.05 1.82 7.78
int 77 inorder 341 390 752 379 272 293 114 239 133 594 691 276 797 229 871 967 339 726 572 578 9 583 491 168 602 11 326 411 526 199 900 869 975 682 32 694 297 638 531 143 303 557 529 223 775 753 737 818 119 42 906 901 517 603 855 51 424 612 894 22 175 796 561 91 732 58 216 21 842 384 450 846 67 164 788 708 720
int 78 inorder 441 337 882 814 34 959 254 793 284 607 13 532 307 790 135 488 305 534 346 451 872 221 928 393 116 808 380 716 242 361 12 437 658 988 664 723 659 394 802 268 20 573 652 986 767 971 752 36 189 985 501 651 980 893 620 315 559 383 867 229 500 863 416 52 329 452 925 766 780 183 776 778 58 941 973 76 551 443
int 79 inorder 735 645 987 538 203 533 475 888 192 144 300 926 963 119 159 555 380 295 173 252 993 426 430 841 801 365 579 665 439 324 649 747 468 215 600 939 812 981 59 713 540 593 727 612 253 450 118 163 437 480 443 110 405 719 854 101 755 583 406 857 532 669 843 496 569 360 392 225 984 831 100 57 45 563 855 89 691 202 158
int 80 preorder 987 776 992 757 857 398 623 430 70 625 763 845 974 426 813 765 385 233 443 299 742 312 219 265 562 33 909 132 610 591 652 379 79 303 242 420 187 376 656 181 30 424 781 309 673 739 487 300 506 981 212 278 660 225 725 617 616 819 175 643 450 755 532 58 202 806 226 991 56 748 495 853 925 769 471 511 618 918 161 342
double 81 preorder 4.55 1.98 4.56 5.56 3.88 9.6 2.86 4.71 1.74 0.3 1.25 5.21 6.52 3.74 7.43 4.93 4.98 3 8.51 0.14 9.75 5.25 0.97 4.21 4.29 7.18 5.09 4.79 8.38 4.92 4.65 0.82 0.04 6.24 6.62 3.55 8.34 9.35 5.88 1.7 3.84 4.54 3.33 0.89 3.73 9.19 5.92 3.98 0.4 8.25 2.27 7.92 3.03 1.19 6.17 2.67 5.44 0.26 1.38 9.86 2.93 3.25 2.08 8.94 5.65 0.77 2.32 8.78 8.47 6.15 7.84 4.09 0.15 5.16 1.77 2.06 1.79 2.02 7.26 6.13 1.46
int 81 preorder 955 485 597 271 56 327 934 716 641 389 958 169 267 229 74 88 330 645 608 591 486 897 562 643 224 98 839 285 585 837 261 885 607 149 70 578 395 754 845 635 586 276 154 715 773 120 755 121 601 230 804 620 979 588 344 557 201 717 91 688 722 287 745 926 720 900 560 367 245 534 339 521 552 127 847 14 279 165 747 998 227
int 82 preorder 819 912 815 460 637 779 683 904 586 609 330 258 41 410 583 807 765 55 941 654 112 492 385 787 426 666 119 709 734 77 291 217 113 970 975 919 825 994 234 858 386 304 210 169 947 131 175 574 156 988 974 433 744 577 458 480 363 396 684 15 826 714 289 558 719 730 866 70 628 449 359 31 140 582 946 256 165 366 161 540 229 612
int 83 inorder 317 761 531 110 216 466 279 250 527 358 741 419 860 618 680 893 836 642 88 366 193 808 702 145 40 657 832 734 272 515 566 284 740 912 24 507 943 768 371 849 742 372 306 757 83 309 974 121 64 403 361 404 411 839 603 518 727 802 344 294 247 167 112 690 728 258 698 189 37 743 163 281 310 78 973 388 661 960 386 400 448 207 818
double 83 postorder 0.13 3.93 4.21 2.88 6.42 9.25 3.88 4.8 6.41 7.41 1.81 4.35 4.11 0.92 3.2 1.92 3.35 9.37 9.91 3.34 3.5 1.59 5.1 8.72 8.91 3.38 6.43 6.34 5.93 9.13 5.69 4.63 7.9 3.47 4.55 3.42 8.38 5.46 7.56 8.48 9.31 5.15 5.54 2.91 2.16 9.7 7.39 5.42 4.64 3.39 8.97 5 5.07 0.58 3.14 9.88 0.9 6.76 8.93 2.76 0.48 4.77 6.56 5.8 7.14 6.5 2.49 2 5.47 5.88 1.9 9.67 6.03 6.2 1.24 6.36 1.46 8.6 7.2 8.34 2.44 6.55 3.76
int 84 postorder 260 924 157 885 533 134 841 617 258 437 261 178 928 731 714 39 146 560 390 997 548 153 563 600 106 158 422 897 913 839 973 388 757 930 346 956 444 460 689 116 2 534 82 744 416 119 620 441 419 805 733 136 465 213 262 789 423 942 475 922 944 549 488 748 48 453 128 499 131 494 582 319 623 243 838 652 820 277 304 900 320 690 538 811
double 86 inorder 5.68 7.04 8.36 1.17 2.19 3.89 1.9 9.98 6.96 2.2 8.6 7.38 0.5 7.79 5.1 7.27 0.44 3.9 6.17 5.19 0.83 5.78 6.03 1.22 5.64 5.57 6.2 4.3 7.17 4.44 8.59 5.23 5.25 5.34 6.79 7.64 2.89 3.85 1.71 4.45 7.93 6.04 7.42 9.18 0.73 5.54 3.99 8.57 3.25 2.18 0.3 2.28 2.4 7.02 4.64 1.81 2.41 0.91 2.54 8.12 3.17 6.37 5.18 1.31 7.72 2.05 5.87 4.52 8.82 7.95 3.62 7.6 2.69 6.41 5.53 7.81 7.84 1.45 1.97 7.8 5.84 8.1 2.45 0.54 5.76 4.62
int 87 inorder 775 194 118 632 584 151 488 924 497 868 587 282 873 968 286 663 910 403 20 58 393 904 278 935 934 366 165 107 373 865 429 936 182 928 145 248 515 824 2 766 610 80 53 541 339 806 800 76 376 420 446 346 554 813 217 530 911 938 539 623 958 14 447 945 443 371 683 954 290 972 685 136 108 487 840 535 67 864 74 229 124 625 598 714 96 261 451
double 87 inorder 7.77 5.54 8.7 0.74 8.4 8.77 1.5 9.49 4.13 3.82 4.98 9.13 8.25 6.06 9.6 7.22 4.59 7.44 2.8 2.93 6.16 4.94 2.79 9.67 5.17 6.46 7.58 9.15 6.86 6.93 7.87 8.07 9.45 0.03 3.62 3.32 3.43 3.73 2.58 5.15 8.61 6.67 3.81 3.37 1.51 8.6 4.36 1.29 2.09 1.73 1.9 1.34 6.57 2.73 8.35 6.09 5.07 1.03 1.21 3.57 1.14 0.97 6.07 1.77 7.96 7.29 3.15 6.58 2.78 4.3 1.91 0.5 8.1 5.61 8.97 5.81 6.84 7.8 6.51 0.69 9.2 3.07 7.98 1.19 9.61 2.99 2.23
int 88 inorder 987 40 387 81 602 31 48 829 424 196 194 616 310 670 361 759 414 627 286 576 555 906 138 741 901 534 500 610 564 697 709 886 359 753 855 322 881 876 977 547 552 817 406 548 284 442 938 9 61 889 88 747 793 365 267 84 145 511 861 205 415 298 643 247 467 997 478 203 574 499 787 44 700 228 303 812 986 738 678 459 10 312 590 882 727 516 955 540
double 88 inorder 1.23 2.3 8.58 0.06 7.82 2.54 0.68 4.04 8.86 7.63 5.06 3.04 5.47 3.91 4.46 2.49 1.53 9.58 2.58 3.89 0.21 5.05 1.95 7.54 2.75 0.08 9.44 7.14 4.4 9.41 8.19 8.98 5.26 0.96 0.35 5.93 9.18 4.85 5.44 9.13 3.88 4.56 9.74 8.95 3.97 2.53 5.62 0.88 1.52 8.93 2.96 8.01 0.69 2.01 4.16 5.17 9.53 9.05 2.02 9.23 2.45 6.9 8.37 9.57 3.74 2 3.07 6.38 5.98 2.97 6.37 9 2.42 8.66 7.19 1.2 5.9 5.91 7.58 1.98 2.79 9.55 3.84 4.76 0.46 7.51 7.23 1.15
int 91 preorder 529 794 987 384 159 796 123 70 494 996 708 480 332 258 872 527 208 790 440 26 521 864 170 591 107 914 594 8 887 933 768 920 883 245 316 603 307 937 199 978 993 278 693 405 75 41 749 867 955 665 379 23 784 804 404 196 583 646 44 345 894 488 946 897 234 464 568 224 648 466 361 366 142 368 457 323 471 334 141 868 160 889 792 266 106 398 200 911 411 692 721
int 91 preorder 255 337 658 549 518 125 389 283 372 342 96 973 921 821 793 603 813 305 984 132 535 837 794 731 333 151 192 517 120 358 853 936 82 494 484 719 950 706 479 879 560 334 153 464 700 795 892 139 784 477 826 835 448 230 740 427 730 61 734 194 526 918 1 840 239 390 456 843 595 606 86 486 392 758 594 487 444 327 318 250 496 452 476 965 45 406 102 375 964 569 205
int 91 preorder 667 433 553 361 473 328 381 746 863 41 777 504 930 666 702 554 282 836 628 708 45 418 11 571 665 734 514 78 459 941 248 835 474 538 912 695 299 257 183 451 582 447 980 955 844 42 396 770 671 185 602 403 261 900 303 171 338 715 366 312 944 305 717 430 758 231 552 907 374 296 872 918 456 270 269 894 253 936 578 756 288 897 318 871 536 232 452 763 581 259 935
int 92 postorder 189 42 912 554 303 814 438 81 557 335 30 949 505 764 241 619 54 497 625 345 674 402 838 298 540 522 56 936 146 316 390 538 914 377 378 519 938 414 719 732 710 759 972 490 612 461 61 753 332 400 428 561 941 22 411 53 746 629 906 398 306 962 772 702 362 779 985 966 765 903 708 371 693 99 178 244 311 72 697 537 403 27 970 93 406 603 741 483 475 920 852 476
double 92 preorder 5.11 5.77 2.13 0.73 3.25 0.39 5.72 5.03 6.08 9.46 1.27 8.73 0.5 5.52 2.76 6.62 3.48 2.55 4.59 0.05 7.21 5.46 7.08 8.25 0.65 4.02 2.66 5.29 5.45 6.15 4.57 6.06 5.73 4.08 5.15 6.11 6.64 0.11 4.46 9.58 2.61 8.27 3.85 5.96 8.69 0.18 8.22 3.17 1.82 6.91 5.4 4.54 9.63 1.01 7.44 5.09 8.91 7.46 0.75 5.6 1.15 2.95 0.9 0.04 1.47 9.37 4.12 3.52 2 5.38 3.62 7.66 2.91 4.24 9.39 5.37 4.64 7.88 1.29 7.48 7.4 5.83 8.93 6.7 3 5.63 1.45 2.34 9.74 2.82 6.1 2.56
double 93 preorder 4.88 0.01 1.22 1.81 8.77 8.41 6.33 8.81 8.19 6.36 2.27 3.35 3.27 1.37 4.05 2.91 4.54 7.77 9.27 6.02 1.08 6.12 4.83 2.87 2.18 1.71 2.25 0.18 8.07 7.64 6.92 5.45 8.69 5.22 1.76 7.18 8.13 0.25 2.61 2.94 5.73 5.37 3.23 5.75 2.11 2.26 1.11 3.4 5.09 3.34 5.01 6.17 2.24 9.12 1.03 9.41 3.81 3.84 7.61 0.68 0.08 7.52 1.35 2.3 1.85 7.23 7.75 2.97 9.8 9.91 0.91 3.01 2.64 5.65 4.9 4.85 0.92 8.64 5.94 3.58 4.76 6.65 9.61 1.89 4.46 1.48 8.49 9.08 5.12 1.29 0.03 9.64 1.26
double 94 inorder 9 7.75 6.97 4.58 2.4 2.19 9.51 4.96 3.38 6.92 7.5 3.73 6.66 6.12 1 1.42 5.8 2.17 5.79 3.11 2.84 0.22 1.46 4.41 3.46 0.88 9.73 0.19 9.86 0.93 6.38 3.3 7.79 7.63 3.29 8.3 6.58 0.68 5.19 8.94 3.49 7.93 0.9 4.73 9.24 3.39 7.31 7.55 9.93 8.52 1.32 4.22 7.37 8.2 7.94 0.04 0.41 0.39 0.17 4.42 5.11 3.94 3.6 2.16 3.13 0.77 3.25 9.92 9.2 0.05 7.21 2 2.44 3.63 3.82 2.45 4.49 9.13 3.02 9.3 5.56 8.51 7.47 0.64 9.77 7.03 4.51 1.14 0.63 9.32 4.01 9.41 0.79 1.51
int 94 preorder 609 940 351 761 752 651 200 597 428 143 986 703 129 242 325 532 480 710 602 695 523 287 729 414 502 238 572 130 252 37 140 640 633 529 672 559 400 935 344 191 748 459 875 494 708 83 45 794 706 362 258 333 755 305 313 446 353 437 434 229 732 990 534 420 868 105 521 70 89 625 135 886 456 466 283 527 506 716 470 772 942 424 593 391 596 274 211 646 983 780 678 84 345 668
double 95 preorder 8.89 6.22 0.3 7.58 9.91 8.22 7.05 1.5 1.83 9.24 9.32 3.09 8.58 6.75 5.25 7.77 4.2 8.15 1.13 9.37 4.61 9.54 4.96 5.78 4.41 1.05 2.68 8.29 0.77 8.56 3.66 2 7.69 2.1 8.08 6.34 0.94 9.93 4.03 6.41 0.59 1.16 9.87 6.1 9.33 2.4 3.39 0.56 1.92 8.7 4.88 2.23 5.08 3.65 4.58 5.43 1.06 6.17 7.85 7.62 9.26 5.05 5.48 3.11 2.84 2.69 9.42 2.99 7.7 2.93 9.21 1.75 2.34 1.11 2.04 7.61 7.47 5 2.56 1.25 1.34 8.52 5.18 3.14 5.84 0.54 6.93 6.99 2.39 7.89 2.12 2.22 4.01 9.35 4.89
double 97 inorder 1.26 7.41 9.54 8.51 9.43 5.09 9.68 8.68 4.71 8.18 0.47 6.26 7.82 2.41 7.38 7.54 0.98 2 0.87 5.57 8.62 0.74 6.35 8.28 9.06 5.51 9.31 4.96 5.56 5.92 7.95 9.98 6.76 0.5 7.69 9.51 8.82 4.26 1.4 3.28 5.36 3.18 3.19 6.98 9.41 4.85 4.46 5.17 7.61 6.04 6.96 0.84 7.13 5.18 6.18 5.43 6.77 8.53 7.74 5.34 5.86 9.29 2.24 2.03 6.93 0.29 3.89 6.21 0.97 6.34 9.76 9.35 7.24 4.54 7.72 2.16 3.86 3.13 8.17 6.86 4.68 8.99 8.46 3.72 6.63 8.79 8.75 4.12 2.91 7.28 5.48 7.77 0.25 7.12 4.56 0.34 4.63
double 98 inorder 5.49 6.55 5.03 0.54 1.36 1.96 9.64 5.33 2.42 6.8 7.87 8.94 0.06 2.06 5.45 9.06 8.75 1.7 5.36 0.31 3.64 0.4 6.82 2.91 1.43 8.68 5.79 8.27 6.2 5.52 2.74 9.31 3.21 3.24 6.29 9.07 3 3.62 5.84 8.8 5.96 0.73 9.09 9.69 5 6.27 1.92 2.96 1.34 2.32 6.6 6.81 4.2 7.27 5.17 6.51 8.09 9.46 0.88 8.16 1.19 7.16 9.82 0.3 2.95 6.28 3.31 0.62 2.8 5.67 8.21 4.17 2.52 1.56 8.95 9.51 5.28 5.06 6.98 5.74 5.71 1.84 4.06 7.62 0.8 7.63 7.29 5.88 3.28 8.79 6.43 4.76 0.9 2.87 5.73 3.85 2.46 7.3
double 99 inorder 4.89 8.41 2.39 1.81 2 8.13 0.76 5.82 1.86 2.82 9.86 0.8 0.44 1.56 4.51 7.94 5.92 2.12 6.1 4.12 4.64 9.87 2.16 1.62 3.56 3.52 8.03 8.32 5.09 3.34 8.76 5.95 2.5 2.4 2.83 9.56 3.18 9.69 5.06 9.18 3.36 7.09 1.44 8.5 2.65 1.53 6.39 8.72 6.77 5.36 1.72 7.87 5.51 9.88 4.36 2.44 9.9 7.25 4.84 7.7 1.18 8.83 4.72 6.64 2.94 4.76 0.14 2.7 5.6 9.39 2.52 1.51 0.35 7.12 8.23 0.65 6.09 9.82 6.92 9.02 0.25 4.5 0.32 8.92 4.85 1.84 4.24 4.05 9.58 4.48 1.63 0.46 0.72 5.64 4.58 7.36 8.2 6.73 2.75
int 100 postorder 439 684 775 543 76 920 450 868 629 143 973 870 632 403 135 344 183 872 656 928 655 938 382 646 940 419 740 218 34 912 993 448 463 125 688 610 17 350 921 432 897 108 991 584 103 123 578 787 50 445 904 553 25 874 798 528 390 758 560 647 215 284 618 979 906 299 457 908 289 318 495 110 785 939 370 212 529 589 937 677 727 211 424 808 507 479 925 704 749 297 398 764 455 47 555 303 650 621 822 858
int 100 preorder 3 439 474 363 898 586 147 654 553 260 697 398 648 416 628 489 521 157 177 25 607 459 829 470 255 923 948 864 341 197 741 403 814 29 585 787 80 312 537 266 164 4 314 749 701 896 367 327 268 330 735 329 719 315 818 102 111 631 270 481 249 117 40 272 988 104 918 206 704 62 844 379 251 832 603 349 906 469 674 815 753 411 538 187 977 512 96 248 434 353 779 98 43 493 424 461 615 166 462 893
int 102 postorder 831 439 829 230 449 901 867 259 880 543 741 690 448 768 698 423 305 757 59 836 309 540 7 875 308 273 680 97 789 500 406 682 200 895 514 211 756 228 87 195 979 188 984 315 410 296 930 813 763 53 184 464 779 794 122 950 10 584 268 442 592 156 16 294 796 295 232 69 418 615 758 272 933 870 850 614 323 594 897 981 609 88 623 451 36 822 183 971 472 940 371 298 816 591 322 775 815 824 494 241 613 531
int 102 postorder 804 35 286 38 10 781 722 388 725 939 632 438 599 521 800 943 402 154 702 724 910 726 991 731 274 442 619 904 958 775 223 339 639 441 524 564 252 844 988 352 41 405 107 566 882 682 630 602 229 309 582 327 647 16 66 75 143 655 605 510 360 139 175 729 338 89 953 268 57 319 95 279 763 842 942 124 118 489 776 681 856 228 263 961 890 214 669 314 764 542 119 136 798 718 941 589 723 284 700 176 436 132
int 103 inorder 788 853 239 81 524 818 317 400 451 113 396 457 249 455 173 654 485 382 515 206 889 720 653 70 575 747 757 820 193 422 794 847 611 161 306 967 148 588 74 475 188 910 509 625 639 784 920 352 339 572 834 259 964 760 808 718 174 608 977 952 637 303 975 410 681 391 841 59 786 965 356 203 913 351 864 719 22 954 886 688 321 782 677 671 72 126 282 266 742 503 488 961 547 862 461 205 434 874 54 729 415 989 13
int 103 postorder 885 203 475 824 383 769 537 92 893 295 177 930 45 385 665 722 623 257 272 441 136 300 570 548 103 852 468 974 238 492 32 214 986 670 781 964 432 109 499 648 319 161 80 912 87 806 402 838 28 215 241 900 420 731 652 235 462 505 934 917 786 72 931 133 909 856 30 519 265 766 129 452 460 684 69 997 61 849 834 189 764 246 724 113 245 509 154 650 557 708 384 435 427 585 656 872 329 867 268 333 822 739 647
double 104 postorder 1 9.96 3.65 0.1 1.85 7.25 9.23 9.61 0.04 3.3 3 7.16 3.71 3.28 0.64 4.23 6.98 1.56 9.39 3.01 6.29 2.49 4.36 1.38 9.34 9.77 1.15 4.63 9.14 8.13 5.83 9.71 9.89 7.53 0.28 6.53 7.17 1.78 0.89 5.96 3.31 6.83 4.62 2.26 7.35 2.77 5.95 1.94 7.85 3.85 1.13 0.7 4.89 1.88 5.27 0.51 6.95 8.84 5.19 6.94 7.96 7.26 3.22 2.73 0.88 0.79 1.34 3.45 0.26 4.91 3.77 4.14 8.21 9.43 5.5 2.35 8.97 0.62 4.76 1.03 1.66 5.99 3.78 9.29 8.98 4.73 0.4 7.34 0.23 0.2 7.77 2.62 3.36 8.43 2.02 4.8 7.99 8.99 4.53 1.53 4.47 0.86 0.82 0.11
double 106 inorder 4.96 8.46 9.51 5.33 4.99 4.24 7.2 3.26 9.53 6.53 1.33 3.63 3.88 1.09 9.69 4.75 0.28 1.75 7.42 6.47 9.49 0.52 5.59 9.71 6.03 3.37 9.35 3.09 1.79 1.63 3.91 6.96 3.83 7.69 9.15 4.27 4.92 6.89 2.89 8.48 1.53 3 8.37 5.31 8.12 0.59 9.97 6.14 7.33 4.73 1.73 8.59 2.01 5.04 0.82 7.4 4.4 7.15 7.01 3.14 8.43 1.41 0.31 5.61 4.91 5.46 4.5 0.04 2.47 2.03 0.92 9.83 1.24 1.37 9.11 5.87 4.03 0.95 1.35 9.34 6.41 2.08 4.43 4.55 2.78 2.84 0.35 3.92 0.07 9.61 2.72 7.7 8.1 1.43 0.05 1.91 5.32 5.54 8.18 3.81 2.24 0.94 5.44 6.15 5.75 7.63
double 108 postorder 4.91 0.39 3.01 9.16 3.77 3.12 8.68 8.3 3.86 8.62 1.63 1.72 0.05 5.28 1.08 1.09 5.16 2.15 4.01 9.67 0.6 7.87 9.96 3.59 9.41 9.79 3.76 5.65 2.56 9.83 5.99 9.15 0.73 6.84 9.18 7.16 5.54 5.78 6.12 8.91 0.16 2.47 9.73 7.3 3.9 9.86 4.18 9.98 5.07 2.73 8.79 5.74 4.06 7.96 2.08 5.73 7.76 3.31 5.64 5.93 8.55 3.02 5.94 2.42 5.39 6.43 9.64 8.49 8.83 7.48 4.42 7.34 5.5 4.35 5.29 8.74 4.56 5.98 1.28 7.83 5.43 3.8 1.51 1.76 4.27 7.37 4.41 3.67 3.23 2.55 7.68 1.38 1.91 4.22 6.52 1.39 0.85 4.3 2.17 8.88 4.48 2.74 3.03 6.55 2.96 4.97 3.47 1.13
double 109 postorder 1.15 8.7 1.42 1.56 3.83 2.23 3.58 8.35 7.05 8.03 0.5 2.62 4.79 5.37 8.68 5.4 6.86 9.93 1.39 2.49 5.33 4.78 2.9 6.78 5.26 2.73 4.71 3.85 7.86 0.85 9.84 0.46 5.18 0.26 6.8 1.7 0.34 3.99 1.92 0.75 8.48 9.96 7.45 0.21 2.45 2.81 7.98 5.74 7.55 1.69 4.23 5.2 9.36 2.37 7.85 9.39 3.77 9.67 2.75 4.5 6.19 3.84 2.28 4 5.49 2.3 3.69 0.18 8.05 0.67 3.4 5.57 1.79 4.07 2.13 4.91 9.05 6.65 3.42 8.13 9.64 6.73 8.71 1.14 2.42 4.7 0.42 4.63 0.08 7.95 3.1 2.08 9.47 6.62 0.62 9.92 2.67 3.73 8.77 1.5 9.28 5.28 4.9 2.14 4.77 0.54 1.52 0.32 4.58
