int 10 (80 73 5) (66 78 46) (49 74 5) (73 49 98) (86 27 87) (68 81 97) (74 46 83) (36 51 74) (40 58 82) (20 69 59)
bool 12 (0 0 0) (0 1 1) (1 0 0) (1 0 1) (0 1 1) (0 1 1) (0 0 0) (1 0 0) (0 0 0) (1 1 1) (0 0 1) (1 1 0)
bool 14 (0 1 0) (1 0 1) (1 0 0) (0 0 1) (1 0 1) (0 1 0) (1 0 0) (1 1 1) (0 1 0) (1 1 0) (0 1 0) (0 0 1) (1 1 1) (0 1 1)
bool 15 (0 1 0) (1 0 1) (0 1 1) (1 0 0) (1 0 0) (0 1 1) (0 0 0) (1 1 1) (0 0 1) (1 0 0) (1 1 1) (1 1 0) (1 1 1) (0 0 0) (1 0 0)
bool 16 (0 0 1) (1 1 0) (1 0 1) (0 0 1) (1 1 1) (0 1 1) (1 1 1) (1 1 0) (1 0 1) (1 1 1) (0 0 0) (1 0 0) (0 0 1) (1 0 0) (0 0 0) (1 0 1)
bool 16 (1 1 1) (0 0 1) (0 1 1) (1 1 1) (1 1 0) (0 0 0) (1 1 1) (0 0 1) (0 0 1) (0 1 1) (1 1 1) (0 1 1) (1 1 1) (1 1 0) (0 1 1) (1 1 1)
char 17 (k p i) (i r c) (b h r) (o p k) (h q f) (d g p) (k c p) (d f m) (j a n) (r q d) (n g m) (q c s) (l g o) (j c q) (j q e) (p f s) (d d e)
double 17 (5.1 7.02 5.6) (6.43 5.75 3.42) (8.97 7.1 8.66) (1.99 8.29 7.35) (0.77 7.42 3.86) (4.26 4.02 9.62) (0.51 7.81 9.55) (9.32 7.31 9.46) (0.91 0.75 8.91) (1.86 3.87 5.46) (8.27 6.91 2.38) (0.05 6.21 4.51) (4.99 8.41 3.12) (0.98 0.95 2.44) (3.46 6.27 0.32) (6.98 7.27 8.68) (5.72 4.32 1.47)
bool 18 (1 1 1) (0 0 0) (1 1 1) (1 1 0) (1 0 0) (0 0 0) (0 0 0) (0 0 0) (1 0 0) (1 0 0) (0 1 1) (1 1 1) (0 1 0) (0 0 0) (1 0 0) (0 0 0) (1 1 1) (0 0 0)
char 19 (i l k) (e r t) (t a t) (e r g) (b f m) (h c l) (t l a) (h l d) (s p k) (e t r) (m e q) (f q l) (g m g) (a r e) (f h f) (m g l) (s o b) (j n l) (b g c)
double 20 (1.36 9.98 7.08) (0.09 8.02 3.48) (5.5 5.48 5.04) (4.39 8.03 7.75) (7.63 7.3 8.05) (8.56 7.81 8.98) (4.88 0.69 8.38) (4.96 6.49 6.25) (0.91 6.04 9.88) (5.16 3.57 9.73) (2.89 6.9 9.59) (6.19 6.59 6.58) (1.37 2.98 1.41) (6.5 1.2 0.54) (9.83 8.36 0.35) (1.3 0.1 9.97) (1.21 0.75 9.87) (0.75 3.22 0.96) (2.84 5.59 4.72) (1.62 1.37 5.36)
double 21 (6.92 7.52 3.98) (1.15 9.69 5.19) (5.42 9.8 8.67) (9.4 2.23 8.23) (4.45 3.91 9.44) (0.59 6.23 5.24) (6.83 0.61 1.29) (6.5 2.68 3.18) (3.94 5.19 6.52) (6.72 9.09 8.74) (4.82 8.23 8.49) (7.08 7.14 0.02) (2.7 1.73 8.51) (5.6 4.7 5.9) (9.16 9.76 6.99) (0.67 9.01 3.16) (3.05 3.9 1.01) (2.93 5.17 0.6) (9.02 8.15 3.93) (6.6 5.43 2.09) (4.19 8.16 6.81)
bool 22 (0 1 1) (0 0 1) (1 1 0) (1 0 0) (0 0 1) (1 0 0) (0 1 0) (0 0 1) (1 0 1) (0 1 1) (1 1 0) (1 1 1) (1 0 1) (1 1 1) (0 1 0) (0 0 0) (0 0 0) (1 0 1) (1 0 1) (0 1 0) (0 1 1) (0 0 1)
int 23 (99 6 3) (16 11 11) (82 17 42) (15 2 90) (63 66 40) (44 72 90) (89 57 56) (67 12 69) (55 88 94) (9 2 18) (98 60 4) (22 24 16) (57 2 21) (17 69 77) (12 21 18) (81 28 90) (95 43 26) (8 34 48) (32 22 44) (71 73 22) (85 84 14) (82 54 72) (21 33 77)
char 24 (b k e) (s d b) (k s e) (n a e) (a l a) (b d m) (b i k) (f o m) (b i k) (t f a) (f b d) (f b o) (h h r) (l c q) (i t p) (n h p) (b r d) (i m n) (p b l) (t o g) (r f b) (a p i) (j j i) (o f d)
double 24 (9.14 8.11 6.1) (3.46 8.54 7.72) (9.56 1.76 4.84) (4.3 3.93 3.79) (2.57 3.16 5.52) (2.68 9.41 0.76) (5.05 4.25 9.85) (4.11 0.37 1.43) (8.27 3.63 5.2) (6.22 4.26 5.63) (0.26 7.48 6.65) (2.33 5.63 4.49) (4.25 0.97 6.57) (6.64 5.81 5.57) (5.14 3.91 7.78) (3.73 7.01 3.17) (7.01 6.86 5.28) (0.08 6.02 2.24) (8.4 1.26 4.44) (8.74 0.28 1.42) (1.01 3.36 3.18) (7.03 7.85 4.32) (9.08 6.5 8.07) (2.01 5.77 2.74)
char 25 (i h f) (o q k) (f r t) (q j e) (q t q) (b a b) (o d h) (h f p) (n a h) (i k j) (b k o) (p i a) (g l l) (l f k) (a c c) (f t h) (s i g) (s q l) (f h a) (c c q) (k n s) (o s f) (g h i) (t l n) (h r f)
int 25 (79 93 62) (5 73 46) (24 33 24) (64 34 16) (29 16 62) (93 25 97) (40 47 28) (57 73 64) (23 71 46) (90 4 14) (70 74 99) (47 60 11) (75 35 95) (89 39 56) (47 95 14) (80 80 94) (76 37 62) (36 37 32) (15 65 73) (66 19 51) (87 14 80) (14 90 84) (19 18 79) (67 36 46) (13 1 50)
bool 26 (1 0 0) (1 0 0) (0 1 0) (0 0 1) (0 1 1) (0 0 0) (1 0 1) (0 0 0) (0 1 0) (1 1 1) (0 1 0) (1 0 0) (1 0 1) (0 1 0) (0 0 0) (1 1 1) (1 0 1) (1 0 1) (1 0 0) (1 0 0) (1 0 1) (0 1 0) (1 0 0) (1 0 0) (0 0 0) (1 1 1)
bool 27 (0 1 1) (1 1 1) (0 1 1) (0 0 0) (1 0 1) (1 0 0) (1 0 1) (1 1 0) (1 1 1) (1 0 0) (0 0 0) (1 0 1) (1 1 0) (0 0 0) (0 1 1) (1 1 1) (1 0 1) (1 0 1) (1 0 1) (1 0 0) (0 0 0) (0 0 1) (0 1 1) (1 1 1) (0 1 1) (0 1 0) (1 0 0)
int 28 (29 90 93) (46 14 60) (62 46 16) (57 2 73) (88 78 37) (71 83 25) (9 70 76) (50 93 42) (68 74 21) (29 20 85) (63 20 45) (56 5 60) (58 5 90) (82 40 30) (74 96 86) (68 36 44) (8 41 16) (19 24 96) (47 2 97) (54 98 66) (60 86 49) (17 62 88) (21 7 25) (95 69 11) (89 40 61) (6 37 62) (68 88 2) (36 67 18)
bool 29 (1 0 1) (1 1 1) (0 0 1) (0 1 0) (1 1 0) (0 0 1) (1 1 0) (1 1 1) (0 0 1) (1 1 1) (1 1 0) (1 1 1) (1 0 0) (0 0 1) (1 1 1) (0 1 1) (1 0 1) (0 0 0) (1 0 0) (1 1 0) (0 1 1) (1 1 0) (1 1 0) (1 0 0) (1 0 0) (1 0 0) (0 1 1) (0 0 1) (1 1 1)
char 30 (b h b) (l s d) (i f b) (i t n) (s a e) (j g d) (d l i) (h n o) (r t l) (e q f) (g d h) (h i f) (l m q) (k g k) (e p m) (d t l) (c c m) (t i i) (s q b) (h g e) (h a l) (p j a) (l b h) (a p g) (o i h) (h n q) (m p h) (b t r) (g e b) (d p p)
double 30 (1.2 6.82 5.32) (4.86 1.18 4.74) (9.98 4.31 2.3) (9.48 5.67 3.22) (3.9 5.09 3.56) (2.65 3.9 8.22) (7.05 6.71 6.74) (3.2 4.19 4.64) (8.39 8.86 1.78) (6.48 5.41 5.96) (2.55 6.88 8.81) (0.03 3.32 9.93) (6.35 2.4 0.93) (9.04 1.19 5.82) (7.63 9.29 9.04) (1.21 7.01 7.68) (3.5 2.73 0.47) (2.49 0.57 6.16) (2.4 0.31 5.06) (1.82 9.74 6.6) (8.61 2.03 4.71) (4.78 6.69 2.69) (8.09 3.05 4.42) (0.3 1 4.21) (7.47 2.5 2.96) (6.59 8.38 2.14) (3.31 4.54 8.76) (4.92 2.61 4.79) (9.54 3.38 0.81) (2.96 6.02 2.48)
double 30 (9.62 0.9 5.21) (3.33 9.27 6.61) (0.3 5.34 9.64) (0.99 8.73 6.48) (0.52 8.99 0.32) (0.83 6.01 1.7) (6.06 3.17 9.54) (6.18 1.65 0.81) (2.15 9.53 3.28) (9.77 4.68 6.58) (8.12 9.28 7.08) (3.15 6.98 3.3) (2.94 3.92 3.64) (2.66 2.2 4.06) (6.69 5.95 4.3) (1.16 2.26 8.88) (8.4 4.12 5.52) (7.3 8.87 3.14) (7.06 3.94 0.72) (1.26 5.03 7.91) (6.05 1.93 2.83) (1.3 7.36 3.43) (3 2.8 4.27) (8.3 6.35 6.35) (8.15 8.96 4.56) (9.7 9.84 6.71) (0.48 5.08 5.59) (3.12 1.32 5.52) (2.87 6.25 8.41) (8.49 4.92 5.58)
double 32 (3.79 7.52 8.43) (4.75 1.55 4.52) (8.2 7.91 3.62) (1.3 7.29 8.86) (8.52 1.92 4.25) (9.03 8.14 6.04) (3.2 5.9 8.06) (0.21 7.71 9.76) (7.88 4.99 5.66) (1.56 3.48 5.58) (3.88 4.35 6.12) (1.76 1.32 9.32) (5.74 8.47 1.55) (4.24 6.33 1.54) (9.41 4.51 1.44) (4.01 2.44 9.69) (6.12 2.67 9.34) (3.83 9.91 6.2) (2.76 5.3 4.22) (1.51 5.13 6.7) (8.82 8.19 7.94) (5.1 1.8 0.3) (2.54 2.22 8.62) (8.44 1.91 1.61) (4.87 7.43 4.41) (6.38 4.19 1.71) (8.88 2.49 5.52) (2.54 6.56 7.26) (2.43 4.08 9.19) (0.22 1.33 1.67) (5.84 4.37 2.34) (9.69 6.68 3.6)
char 32 (d s d) (i c k) (i q c) (f t p) (a n e) (k h h) (m p l) (g j m) (h e m) (o r d) (b q o) (n d r) (r p i) (t r h) (q n e) (h g k) (n r d) (t q o) (g r s) (r j l) (h r r) (p b g) (m q f) (o c j) (m l e) (k m p) (e c q) (h f j) (i h i) (l p m) (j o i) (t o k)
double 34 (8.88 2.07 4.04) (2.5 5.29 5.06) (1.01 1.32 6.99) (0.57 1.8 8.67) (9.34 7.71 0.86) (9.1 8.33 9.44) (6.19 6.39 2.86) (3.59 1.71 3.97) (4.86 7.98 4.69) (2.24 4.28 5.72) (1.62 2.06 0.49) (2.61 1.84 4.71) (8.75 7.51 6.17) (8.04 3.89 5.09) (1.99 2.68 0.41) (3.55 1.74 5.62) (4.36 4.19 3.6) (3.46 7.61 9.64) (7.72 6.15 8.26) (5.61 0.59 2.94) (7.85 8.17 9.61) (6.93 5.61 9.03) (8.15 2.35 9.23) (9.68 3.87 2.33) (6.69 7.61 1.21) (2.36 8.06 8.63) (7.26 1.85 2.43) (9.6 0.92 5.57) (8.55 7.35 5.17) (7.93 7.82 3.59) (7.81 7.5 7.12) (1.53 2.4 1.89) (3.12 3.17 2.16) (8.66 6.44 4.32)
int 35 (97 30 14) (84 96 95) (14 36 12) (25 15 86) (54 73 90) (35 64 37) (85 35 70) (63 14 77) (40 94 93) (43 23 62) (73 16 23) (57 82 18) (39 16 73) (68 68 36) (42 5 68) (21 86 62) (99 47 37) (44 21 32) (33 20 9) (72 14 91) (91 26 46) (7 99 31) (5 63 55) (39 12 95) (44 76 83) (48 5 69) (51 93 35) (39 76 55) (73 54 94) (23 23 70) (13 41 4) (95 65 48) (52 7 40) (99 76 6) (34 95 82)
char 35 (b s g) (e p o) (m m c) (k o f) (f p s) (s d j) (n o f) (h b g) (j m l) (e e a) (k e l) (f h a) (a c m) (d n j) (i l d) (r n o) (p p a) (n c n) (b h o) (p g r) (f q d) (m q m) (b r e) (h l k) (t q f) (t e k) (a l l) (q m c) (a l f) (d f j) (p h t) (c e p) (t r n) (p m g) (i j j)
int 37 (19 22 72) (27 32 36) (19 86 64) (5 80 45) (45 97 97) (82 90 73) (49 60 79) (85 48 40) (3 61 8) (70 75 33) (79 76 80) (72 59 91) (68 79 81) (52 35 69) (85 57 37) (81 63 40) (6 34 19) (98 49 39) (23 51 17) (50 78 74) (20 29 45) (61 37 57) (47 44 71) (63 99 19) (86 24 56) (46 20 37) (58 42 55) (48 84 85) (58 61 52) (11 85 92) (21 51 33) (2 70 81) (66 24 25) (95 10 8) (93 51 70) (84 37 27) (14 2 12)
bool 38 (0 0 1) (0 1 0) (1 1 1) (1 1 1) (1 1 0) (1 0 1) (0 0 1) (1 0 0) (1 1 1) (1 0 0) (1 0 0) (0 0 1) (0 0 1) (1 0 0) (1 0 0) (0 0 1) (1 1 0) (0 0 1) (0 0 1) (0 1 1) (1 1 1) (1 0 1) (0 0 0) (1 0 1) (1 1 1) (0 1 0) (1 0 1) (1 0 0) (0 0 1) (0 0 1) (1 0 1) (1 1 0) (0 0 0) (0 0 0) (1 1 1) (0 0 0) (0 0 1) (1 0 1)
double 40 (0.02 7.82 9.69) (9.72 7.19 0.23) (8.33 5.59 4.37) (5.86 8.25 6.98) (6.89 7.52 5.29) (7.86 1.01 6.2) (5.58 1.58 5.64) (7.28 1.08 8.38) (0.55 1.98 1.99) (6.76 8.36 6.52) (6.85 6.17 2.73) (7.72 0.94 7.2) (7.86 4.71 0.19) (1.72 8.92 6) (2.67 8.75 2.94) (9.82 0.6 5.33) (1.32 6.97 1.56) (0.01 9.41 7.88) (6.1 3.51 0.24) (9.86 8.8 8.11) (6.17 2.45 5.9) (6.65 5.61 9.05) (2.08 0.89 7.06) (2.15 9.87 2.45) (3.55 4.15 8.38) (4.67 9.7 5.51) (4.06 5.16 9.15) (4.72 9.64 3.72) (5.4 7.59 1.51) (0.01 2.28 8.11) (0.61 3.4 2.25) (9.62 0.2 5.19) (1.55 0.14 8.93) (6.71 1.51 7.59) (6.04 6.33 2.67) (0.17 9.99 0.05) (2.75 6.84 0.9) (2.61 4.95 9.32) (9.76 6.87 5.62) (8.11 9.31 7.99)
bool 41 (1 1 1) (0 0 1) (0 1 0) (0 1 1) (1 0 1) (1 1 1) (1 0 0) (1 1 0) (0 0 1) (1 1 0) (0 0 0) (1 1 1) (1 1 1) (1 0 0) (1 0 0) (0 1 0) (0 1 1) (1 1 1) (1 1 1) (1 0 1) (0 1 0) (0 1 0) (1 1 0) (0 1 1) (0 0 0) (0 1 1) (1 0 1) (1 0 1) (1 0 1) (1 0 0) (1 1 1) (1 0 1) (0 0 0) (1 1 1) (1 1 0) (0 0 0) (0 1 0) (0 1 1) (1 0 1) (0 0 0) (0 0 0)
int 42 (40 76 46) (63 89 32) (53 28 47) (78 41 29) (17 71 67) (50 60 37) (46 25 72) (96 58 68) (19 47 36) (8 82 28) (3 27 10) (67 70 25) (28 17 26) (53 17 61) (92 65 53) (69 57 53) (2 12 10) (86 67 6) (79 39 87) (2 97 80) (64 50 35) (74 37 56) (88 4 90) (90 25 51) (86 81 8) (21 25 16) (75 46 41) (59 85 21) (1 19 31) (9 48 88) (68 28 7) (39 34 84) (76 9 74) (64 30 11) (60 65 86) (63 57 11) (94 31 5) (73 96 21) (20 78 63) (31 60 43) (53 41 78) (75 2 90)
bool 42 (0 1 0) (1 1 1) (0 0 0) (0 0 0) (1 1 1) (0 0 1) (1 1 0) (0 0 1) (1 0 0) (0 0 0) (1 0 0) (1 1 1) (1 1 0) (1 0 0) (1 1 1) (1 1 1) (0 1 1) (1 0 0) (0 1 0) (0 0 1) (0 0 0) (0 1 0) (1 0 0) (0 1 1) (0 1 0) (0 1 1) (1 0 1) (0 1 1) (0 0 1) (0 1 1) (0 1 0) (1 0 1) (1 1 1) (0 1 0) (1 1 0) (1 1 1) (0 0 0) (1 0 1) (0 1 0) (1 0 0) (0 0 1) (0 1 1)
int 43 (41 14 42) (28 66 73) (8 85 6) (18 48 50) (14 49 61) (97 11 98) (11 5 83) (82 32 71) (56 24 96) (5 88 42) (9 37 26) (89 1 9) (39 50 40) (49 95 46) (33 89 71) (67 9 42) (19 86 89) (36 73 27) (56 77 99) (82 37 93) (40 85 72) (99 29 59) (10 28 97) (70 33 96) (45 74 18) (33 46 84) (14 71 8) (97 2 14) (92 29 46) (83 23 39) (73 18 83) (67 75 99) (90 23 72) (51 84 97) (18 57 81) (82 98 10) (44 4 72) (92 16 22) (83 54 79) (75 26 38) (1 82 47) (49 59 29) (3 10 77)
int 43 (72 26 99) (83 83 21) (37 37 75) (17 62 94) (11 28 9) (72 52 6) (73 67 26) (90 19 85) (42 31 28) (68 16 70) (18 36 48) (70 90 96) (55 1 30) (95 35 28) (83 26 74) (59 72 49) (6 44 20) (31 68 95) (4 40 51) (17 54 11) (50 63 56) (38 60 39) (71 95 93) (67 33 84) (84 16 80) (79 44 27) (87 61 29) (36 80 6) (37 30 69) (94 75 83) (38 14 67) (76 91 78) (27 80 84) (47 27 69) (21 4 39) (96 60 70) (74 20 78) (13 80 5) (6 80 3) (52 38 62) (47 63 17) (38 56 9) (50 96 25)
char 44 (k r t) (k n g) (e n s) (f e n) (q m d) (g f b) (m l r) (i l g) (s l n) (j s e) (c n d) (o i l) (h t l) (d e d) (g b j) (d b n) (k n g) (h l d) (i a e) (l i t) (n b m) (p j p) (p l l) (o i n) (p a a) (m k j) (j l n) (a g f) (c i o) (p p p) (j n r) (c c c) (k n i) (j h i) (i r j) (e l k) (a e r) (a n b) (t e p) (j a e) (s r r) (i q j) (o n i) (k r t)
double 45 (6.43 1.28 9.4) (2.84 2.39 3.86) (4.54 3.82 6.73) (3.89 5.73 5.31) (9.24 8.54 1) (7.35 3.44 0.69) (5.08 5.34 1.75) (0.69 7.19 4.18) (7.92 5.95 2.77) (4.2 5.67 5.16) (1.53 7.8 4.99) (3.5 1.04 8.02) (3.23 4.3 6.05) (4.5 9.51 7.39) (9.02 1.68 4.45) (0.97 0.61 7.92) (5.69 5.38 2.36) (8.6 4.48 1.64) (9.1 6.64 6.47) (3.65 1.09 6.95) (4.59 9.36 7.7) (4.96 3.62 6.04) (6.14 7.53 1.23) (9.3 2.54 7.66) (4.64 8.56 4.25) (7.09 9.69 9.17) (5.46 8.5 0.2) (1.8 9.93 1.43) (1.93 3.6 9.63) (1.2 5.39 4.31) (1.31 5.14 9.1) (1.7 2.66 5.23) (4.21 5.58 1.23) (9.45 5.99 9.02) (4.71 2.84 9.96) (8.36 7.27 9.76) (7.52 6.21 3.81) (7.9 6.95 9.87) (8.33 6.81 0.06) (2.9 6.75 8.62) (9.71 8.68 7.01) (5.81 6.41 4.44) (5.85 4.13 0.02) (1.42 1.62 8.53) (2.44 6.21 5.24)
char 47 (k s m) (f g o) (l n t) (s a a) (h i m) (m p o) (g a b) (a e r) (s m a) (j f a) (g q l) (r h m) (p i c) (r g e) (p o h) (o q c) (e j l) (a o m) (q o f) (d r k) (k b e) (p m a) (g s i) (b r k) (p m t) (j m t) (i h o) (j j k) (t m n) (p n i) (r p e) (f n r) (b s i) (l l d) (f g d) (m a b) (i j i) (d p r) (d d p) (a t r) (o n h) (k b h) (j o k) (k f o) (l t n) (o s h) (r f h)
bool 48 (0 1 1) (0 1 0) (1 1 1) (0 0 0) (0 1 1) (1 1 1) (0 0 1) (1 1 1) (1 0 0) (1 0 0) (1 0 0) (1 0 1) (1 0 1) (0 1 1) (0 0 1) (0 0 1) (1 0 1) (1 0 0) (1 0 1) (0 1 1) (1 0 1) (1 0 0) (0 1 0) (1 0 1) (0 0 1) (1 1 1) (0 1 1) (0 0 1) (1 1 1) (0 1 0) (0 0 1) (1 1 1) (0 0 0) (0 1 1) (1 0 0) (1 1 1) (1 0 0) (0 0 0) (1 0 1) (1 0 0) (1 1 0) (0 0 1) (0 1 0) (1 0 0) (0 0 1) (0 0 0) (0 0 1) (1 0 1)
char 50 (h e g) (i f t) (l p t) (r b b) (i i f) (l h j) (q o n) (m q s) (g r c) (f h d) (s k f) (s p s) (j g b) (l i p) (c r n) (c o p) (l k i) (t c e) (c o s) (c m t) (q m o) (r l m) (g p p) (h r n) (p n o) (n t c) (b d i) (c r h) (n d p) (b o p) (c l b) (f f i) (n k k) (h m e) (j k k) (j t b) (h g s) (c q o) (q o j) (t c h) (g j a) (n c m) (a m c) (g n l) (h m d) (j b c) (g e q) (q j n) (m r b) (s a q)
char 50 (h h g) (d n q) (m m o) (k q s) (j a e) (s e b) (d r o) (g e m) (l s q) (d l j) (i f n) (b b c) (i e g) (l c q) (m m k) (l g p) (a i f) (q e j) (o g q) (j m l) (i g f) (r q b) (s h t) (s a n) (p j q) (p d a) (r d t) (p s i) (f q j) (t b c) (k j c) (o a c) (i t i) (t n k) (a c j) (f i e) (c r e) (e i h) (f a f) (i c q) (n p n) (i d r) (d o t) (i b o) (k h d) (a d q) (d c p) (n l g) (a p g) (h o r)
char 50 (d s b) (b m q) (r k m) (f n i) (p j m) (r p o) (e s q) (f q i) (c k p) (a p b) (r m g) (p n f) (k n e) (o l g) (c f h) (c s r) (i r j) (m a h) (f n i) (i p q) (f a m) (b i j) (o k l) (h h i) (q k p) (k n b) (i h r) (d m l) (d o b) (f o k) (r n h) (d k j) (d j b) (t n q) (c a d) (i m g) (h k q) (h d i) (g o f) (q t r) (q r h) (i e r) (p f h) (c k j) (h g s) (d k d) (f g l) (j o f) (k r r) (g o h)
char 51 (e k m) (p t r) (q f o) (r i r) (s i d) (k k d) (r l b) (j r f) (h q o) (l h m) (g s o) (b g r) (a h o) (m m m) (k f h) (f b s) (d d q) (c l n) (p b d) (s d r) (i j k) (l j g) (g n a) (d d g) (d i i) (c l a) (l g g) (p o b) (i e g) (f i l) (d c i) (d s k) (o f k) (b o q) (j i k) (i q q) (q e e) (n j t) (r k a) (c j h) (s i j) (h o c) (r j m) (e j o) (o d o) (d o j) (a h f) (i a f) (i m o) (s p t) (c e i)
double 51 (1.12 2.68 2.37) (3.46 4.83 1.56) (1.82 8.76 2.73) (4.29 6.98 3.96) (4.2 2.55 5.61) (4.83 1.9 4.45) (5.55 2.87 3.98) (2.43 6.33 6.2) (1.24 2.75 8.4) (1.34 9 4.49) (3.27 7.15 3.41) (8.49 3.02 9.01) (8.58 2.75 5.87) (9.38 1.03 1.67) (0.06 5.25 8.87) (1.12 7.53 3.58) (3.17 3.59 1.23) (2.07 3.58 5.59) (1.55 1.83 1.57) (3.19 9.99 4.33) (3.91 0.1 9.15) (6.1 0.12 6.02) (2.87 7.32 2.92) (2.8 2.32 2.79) (0.13 2.13 3.1) (4.42 8.16 6.63) (3.38 4.72 1.94) (1.64 3.41 7.18) (6.76 6.96 0.37) (2.47 5.32 9.3) (4.09 6.48 8.65) (6.12 7.94 5.59) (3.41 2.01 5.91) (5.81 5.03 5.83) (9.58 6.43 6.91) (5.05 4.35 1.09) (0.04 4.29 8.86) (5.46 1.3 8.78) (6.19 8.16 7.99) (2.64 6.07 7.78) (3.86 9.43 3.85) (3.14 3.03 8.49) (3.79 8.58 5.19) (3.9 7.31 6.83) (4 1.55 6.14) (0.39 5.01 1.31) (2.41 1.59 6.23) (5.23 0.29 6.67) (7.02 6.03 9.29) (4.42 2.82 0.4) (5.45 2.8 2.37)
bool 51 (1 1 1) (1 0 0) (0 0 1) (0 0 0) (1 0 0) (1 0 1) (0 0 1) (0 0 0) (1 0 0) (1 0 1) (1 1 1) (1 0 1) (0 0 1) (0 0 0) (0 1 1) (0 1 0) (1 1 0) (1 0 0) (1 1 1) (0 0 0) (0 0 1) (1 0 0) (0 0 0) (1 0 0) (1 1 0) (1 0 1) (0 1 0) (1 1 0) (1 0 1) (0 1 0) (1 1 0) (0 1 0) (1 0 0) (1 1 1) (1 1 0) (0 1 0) (1 1 1) (0 1 1) (1 0 1) (1 0 0) (1 1 1) (0 0 0) (0 0 0) (0 0 1) (0 1 0) (0 0 1) (1 0 0) (1 1 0) (1 1 0) (1 1 1) (0 1 1)
int 54 (41 84 70) (81 5 10) (65 26 29) (95 36 4) (87 29 33) (60 57 99) (89 53 93) (48 22 19) (61 57 71) (60 29 16) (97 97 36) (1 74 91) (82 27 40) (41 3 7) (3 45 69) (10 86 55) (58 67 89) (16 42 50) (65 47 46) (73 80 82) (47 76 57) (3 7 49) (50 78 40) (35 75 7) (22 93 21) (11 64 30) (85 76 84) (93 25 24) (33 97 27) (71 2 98) (75 72 21) (12 36 23) (21 76 30) (75 42 55) (41 16 72) (23 32 88) (91 10 5) (4 22 39) (48 8 27) (44 60 62) (63 95 54) (20 40 38) (87 78 50) (71 36 95) (87 43 38) (78 52 11) (69 91 40) (93 12 86) (96 91 43) (85 73 31) (84 96 88) (55 69 58) (20 84 10) (81 15 99)
double 56 (3.8 0.67 2) (3.8 5.13 8.13) (9.29 7.07 1.38) (8.48 5.93 0.27) (4.83 0.11 5.68) (8.82 0.08 3.77) (3.76 7.91 6.96) (6.79 2.75 6.76) (0.75 3.9 2.21) (4.4 7.07 5.24) (5.7 2.14 0.69) (3.28 1.88 4.25) (3.38 6.1 8.02) (5.29 3.02 0.26) (5.56 8.35 3.94) (6.24 0.22 0.1) (0.99 5.06 2.17) (2.09 7.64 8.35) (4.56 0.78 8.89) (4.71 5.31 8.02) (6.68 2.46 2.91) (6.49 7.92 4.25) (8.76 3.42 4.58) (7.92 0.49 8.61) (7.85 5.53 2.69) (5.56 0.51 8.02) (7.23 7.81 5.86) (4.19 5.53 5.21) (1.27 1.37 5.46) (6.5 4.7 6.95) (0.14 9.59 1.19) (2.55 7.51 1.37) (9.29 4.4 8.15) (7.1 0.65 9.1) (9.18 6.65 9.12) (7.73 6.92 1.19) (4.86 2.83 2.62) (7.88 8.49 8.54) (7.75 6.95 0.49) (2.66 3.77 3.24) (1.27 2.33 0.3) (3.1 3.73 0.83) (3.37 8.2 8.98) (7.66 3.54 4.7) (3.39 7.98 7.43) (6.59 2.47 0.91) (2.99 4.96 7.33) (9.79 5.03 1.21) (7.74 6.13 4.87) (4.53 9.69 2.27) (1.73 8.09 0.88) (5.56 0.37 4.9) (1.7 4.62 9.63) (2.28 0.53 5.64) (3.79 2.24 3.06) (1.78 0.22 2.56)
int 57 (2 60 66) (17 24 37) (88 40 24) (66 34 79) (46 89 5) (49 65 52) (12 5 61) (62 77 89) (34 38 23) (7 34 29) (34 35 22) (17 93 14) (17 92 75) (56 47 65) (81 17 73) (45 83 35) (15 5 87) (80 15 93) (31 37 98) (10 21 18) (9 11 41) (70 54 28) (96 26 96) (61 56 91) (84 93 99) (53 32 21) (80 3 22) (82 8 50) (87 3 75) (70 18 99) (66 79 64) (23 15 30) (39 4 48) (7 46 96) (84 96 6) (96 83 86) (16 61 90) (68 51 77) (66 4 51) (53 75 76) (76 44 26) (34 17 79) (60 72 84) (79 65 41) (6 10 51) (5 69 30) (73 18 5) (87 93 98) (3 8 38) (10 47 93) (51 22 59) (7 55 82) (82 83 59) (73 61 12) (60 26 62) (66 3 64) (95 69 56)
char 57 (d b h) (h s k) (a p p) (d k t) (f k r) (r q f) (n t a) (f c k) (k k s) (c i r) (m o e) (e f o) (l n s) (j g a) (d q c) (h s n) (q b c) (g h f) (f h f) (i d i) (d e t) (c i a) (k e g) (q l q) (i b j) (l b t) (h p p) (p s p) (l e i) (a c s) (j e o) (p j m) (l k e) (n e m) (h n b) (n t o) (h n d) (t a q) (n n r) (e l m) (s p m) (o s t) (m r p) (r b p) (t i o) (a g s) (g k n) (t t d) (q k k) (d e q) (j f l) (h h g) (n i p) (s i e) (n p j) (j c s) (r a b)
double 59 (0.46 3.52 0.72) (5.95 5.64 4.58) (7.36 8.2 6.73) (2.75 0.3 5.32) (3.21 8.9 9.9) (6.77 7.74 7.83) (1.27 5.96 6.61) (6.03 6.11 1.81) (6.44 8.29 5.8) (7.37 3.02 4.68) (1.24 5.63 6.8) (9.04 0.34 4.9) (3.73 7.45 0.08) (7.59 7.85 8.64) (1.6 3.82 1.88) (5.2 9.06 8.99) (7.46 8.83 2.47) (2.72 3.59 8.9) (3.95 8.53 8.74) (9.55 8.38 2.37) (7.9 3.62 6.51) (7.1 2.09 9.75) (8.09 2.67 5.81) (5.02 9.51 9.05) (6.54 9.81 4.4) (2.08 1.72 4.36) (8.29 8.41 0.43) (0.95 0.9 5.9) (4.63 9.81 0.69) (2 9.07 9.6) (6.3 8.34 2.26) (9.91 4.84 8.04) (8.99 3.11 0.54) (2.11 9.2 5.59) (1.43 5.12 9.71) (3.68 1.04 9.78) (7.33 5.85 6.59) (1.56 3.82 5.08) (0.44 0.41 4.37) (3.9 6.73 8.87) (4.79 2.94 3.79) (3.13 4.55 0.28) (8.92 0.52 0.64) (7.37 6.83 3.07) (8.37 1.72 5.29) (2.58 5.21 3.94) (6.68 9.93 6.77) (5.68 5.83 2.52) (7.37 4.97 8.82) (9.14 4.57 9.9) (8.22 7.9 1.79) (6.43 6.15 6.74) (2.02 9.51 7.92) (9.64 9.07 1.41) (5.77 4.68 4.35) (8.93 2.55 7.74) (2.82 0.11 9.99) (3.03 7.4 2.28) (3.36 0.59 8)
double 60 (7.26 2.49 2.93) (0.44 6.88 0.83) (9.16 9.91 7.39) (5.58 3.66 6.62) (0.12 3.99 1.78) (5.75 0.96 7.52) (6.94 1.22 9.75) (0.54 7.85 7.72) (6.45 3.28 9.75) (1.27 9.58 1.75) (8.05 3.89 0.92) (0.1 4.47 4.31) (7.46 0.65 8.58) (7.78 7.7 5.29) (9.53 2.86 6.67) (1.77 2.33 7.38) (3.13 3.59 3.7) (9.8 7.29 2.09) (3.86 7.87 7.18) (4.73 4.26 3.78) (4.34 2.92 7) (9.71 0.49 0.51) (5.73 6.66 8.07) (4.69 3.36 1.26) (2.8 2.58 1.28) (6.47 5.73 0.99) (3.35 3.04 7.67) (8.5 2.53 3.42) (3.38 7.3 8.55) (0.29 3.21 6.61) (4.99 8.11 5.63) (1.67 1.69 8.74) (7.51 6.91 5.07) (1.12 1.38 8.86) (8.95 4.96 0.08) (8.5 6.64 8.5) (3.23 6.16 3.72) (7.07 2.12 1.07) (6.03 5.05 1.56) (8.34 0.71 2.99) (1.34 3.64 3.78) (7.49 1.67 0.89) (7.07 7.7 3.6) (9.37 1.55 6.76) (9.27 6.51 3.1) (0.42 6.73 4.99) (8.21 4.98 5.85) (1.82 9.06 3.34) (9.68 8.58 3.46) (1.97 4.46 8.74) (5.36 6.04 7.53) (8.35 7.56 9.94) (9.38 7.11 0.99) (3.95 3.39 9.36) (6.15 7.16 4.43) (6.23 3.72 7.24) (0.03 2.35 2.83) (6.63 5.8 1.13) (2.23 3.83 4.03) (3.23 0.22 5.26)
int 60 (56 83 42) (20 67 22) (39 28 45) (55 39 52) (80 25 17) (98 54 35) (44 84 32) (42 66 40) (5 88 1) (70 8 47) (21 19 29) (25 79 58) (13 48 58) (93 87 24) (61 44 71) (2 93 64) (14 42 90) (36 6 88) (82 65 7) (50 93 76) (60 49 61) (46 7 88) (41 23 26) (51 15 8) (87 85 15) (30 1 1) (35 2 64) (85 44 58) (85 53 94) (61 85 97) (14 64 48) (62 29 23) (47 4 25) (63 94 62) (12 73 94) (92 94 61) (31 88 81) (31 13 67) (19 86 67) (68 99 26) (79 33 56) (1 78 66) (16 36 25) (16 59 67) (23 10 32) (54 36 51) (72 17 62) (38 32 82) (76 94 30) (75 72 72) (44 87 40) (87 2 30) (37 99 93) (78 1 13) (95 46 33) (60 78 58) (12 14 21) (83 77 16) (22 50 62) (99 28 18)
char 60 (l p l) (t a l) (i l t) (r i h) (o k i) (h s c) (n j o) (k n c) (b i f) (l n q) (m e j) (g n f) (f c i) (h t c) (s s i) (g o p) (j d t) (c f k) (f r s) (q m q) (s h e) (n b o) (i k f) (p c m) (k n j) (o d n) (q j k) (a e k) (n g e) (s c a) (j r s) (b c o) (r t l) (m d q) (k f g) (f k t) (q c e) (j g g) (h e s) (a i t) (s s e) (o b g) (l j e) (e r n) (o t s) (b i b) (c a m) (s b d) (o l r) (f p b) (d l q) (s o o) (d c a) (j o l) (l d g) (c p i) (t e d) (m e k) (e p e) (a b k)
double 61 (2.52 8.44 9.88) (3.52 0.41 4.05) (1.07 5.66 8.82) (6.82 6.3 6.02) (4.38 2.29 3.09) (5.82 3.27 6.47) (0.16 0.66 0.75) (1.43 6.55 6.05) (5.1 3.6 1.39) (1.75 7.29 3.38) (0.89 9.53 2.68) (9.39 0.57 3.19) (0.95 2.79 7.63) (8.42 9.42 1.24) (1.18 4.89 7.76) (6.81 8.56 2.28) (2.63 9.61 8.9) (2.14 6.69 3.14) (7.64 5.42 1.19) (1.36 7.98 7.18) (9.41 5.89 7.23) (2.84 7 1.76) (4.36 1.32 7.69) (0.59 4.92 4.44) (7.85 0.6 3.02) (2.57 5.25 1.99) (6.1 7.01 2.42) (0.12 9.27 7.04) (5.46 4.91 6.06) (3.16 7.64 3.3) (4.54 8.26 9.25) (2.72 5.54 4.03) (5.8 7.72 4.34) (1.51 6.18 6.85) (8.9 6.48 9.39) (5.97 5.59 1.11) (6.41 6.47 6.7) (7.55 8.39 4.23) (8.02 1.17 1.01) (0.44 0.4 6.15) (3.53 8.43 3.64) (6.65 7.92 3.57) (6.68 6.32 8.29) (9.08 1.52 8.61) (8.17 5.86 4.85) (0.55 2.27 3.22) (2.58 6.27 5.44) (8.87 3.42 3.91) (6.46 7.27 8.6) (3.13 1.1 2.11) (3.47 9.74 9.04) (8.16 1.69 3.78) (1.38 3.88 5.36) (0.75 5.35 6.1) (0.04 9.29 1.77) (3.41 5.45 6.26) (8.42 6.41 2.11) (5.28 7.32 4.68) (8.64 8.77 1.04) (4.29 9.83 4.63) (8.59 0.1 0.77)
bool 62 (0 1 0) (1 0 0) (1 1 0) (0 1 1) (0 1 1) (0 1 0) (0 1 1) (0 0 0) (1 0 1) (1 0 1) (1 0 1) (1 1 1) (0 0 0) (0 0 0) (1 0 1) (1 0 1) (1 1 0) (1 1 0) (1 0 0) (0 1 0) (0 1 1) (0 1 0) (0 1 0) (0 0 1) (0 0 1) (1 0 0) (0 0 1) (1 0 1) (1 1 0) (0 1 0) (1 1 0) (0 0 1) (0 0 0) (0 0 1) (1 0 0) (0 1 0) (0 0 1) (1 1 0) (1 1 1) (0 0 0) (1 0 0) (1 1 0) (0 0 0) (0 0 0) (1 0 0) (1 0 1) (0 1 0) (0 1 0) (1 0 1) (0 1 1) (0 0 0) (1 0 1) (1 0 0) (0 1 0) (0 0 0) (0 1 1) (0 1 1) (0 0 1) (1 1 0) (0 0 0) (1 0 0) (0 1 0)
double 62 (5.25 6.67 6.47) (3.22 8.34 2.22) (7.25 4.66 3.8) (9.7 0.27 7.7) (1.17 5.11 8.57) (2.19 3.97 8.73) (2.16 3.59 6.83) (3.73 5.88 7.76) (9.98 4.59 1.21) (6.35 2.59 7.48) (3.4 2.31 4.2) (6.55 0.64 3.51) (5.5 9.57 3.21) (2.62 8.67 4.15) (1.84 0.06 9.27) (7.77 7.51 0.88) (3.38 8.74 1.33) (0.75 8.7 3.52) (6.77 6.64 4.58) (3.69 0.16 3.09) (0.25 2.11 3.03) (1.47 9.83 7.08) (6.85 8.12 4.88) (9.28 2.08 8.93) (5.84 6.4 2.02) (7.37 6.54 6.72) (5.56 3.09 5.41) (1.17 7.79 1.43) (2.41 6.24 5.97) (8.29 3.99 1.18) (2.23 7.54 2.96) (8.34 7.81 1.32) (1.68 3.16 0.99) (1.13 1.25 5.4) (8.44 5.8 5.27) (5.84 5.44 1.76) (2.51 5.76 5.81) (4.32 1.92 7.65) (2.25 6.45 0.56) (8.8 0.16 5.65) (3.4 4.89 7.52) (2.06 1.33 4.15) (3.52 5.57 5.03) (8.45 4.11 0.1) (2.78 9.79 8.93) (3.56 2.41 6.98) (1.98 9.96 3.25) (3.11 0.85 7.09) (1.92 8.78 0.63) (6.58 8.74 1.43) (8.34 6.29 9.83) (5.89 3.34 7.41) (2.92 9.74 0.84) (0.36 4.99 6.38) (4.93 3.78 0.26) (6.49 2.9 1.26) (7.6 0.49 3.83) (9.82 6.31 0.18) (7.21 1.11 5.51) (5.16 9.65 0.05) (0.06 3.35 2.24) (5.8 4.35 4.27)
int 63 (98 29 81) (14 91 96) (56 4 86) (48 2 22) (65 24 46) (55 58 71) (50 19 31) (31 30 80) (33 78 33) (59 92 98) (98 74 40) (44 34 12) (62 56 52) (45 28 85) (56 7 66) (2 36 33) (14 2 71) (77 27 63) (36 49 15) (30 72 54) (89 3 6) (82 55 59) (99 72 58) (13 32 64) (75 71 99) (84 46 7) (37 73 74) (99 59 77) (2 91 66) (69 62 83) (74 77 52) (62 54 62) (18 6 83) (1 14 73) (43 4 22) (37 54 38) (79 80 58) (3 93 86) (85 56 40) (2 48 95) (54 8 69) (71 95 15) (93 60 28) (87 11 63) (79 58 22) (51 6 80) (64 93 98) (20 75 15) (26 27 77) (12 42 37) (56 37 6) (4 7 51) (6 99 36) (33 43 56) (68 90 18) (15 74 50) (75 44 10) (91 91 22) (52 11 96) (20 93 23) (70 23 13) (52 67 9) (8 78 33)
char 63 (c s k) (s s k) (g t i) (g g e) (b p e) (t g m) (q e d) (l s o) (s p l) (m s b) (q r k) (s q s) (p p j) (c s t) (c q n) (o s s) (a k f) (j t p) (e e l) (c r b) (i p c) (m d a) (j b p) (h n m) (j j m) (b b p) (n e k) (q p h) (p k j) (f a e) (s a f) (c l g) (j h j) (p d f) (a m n) (c r t) (p d h) (q s p) (j k c) (l m j) (h b g) (g d i) (j n m) (b j s) (l f l) (e q n) (e l s) (g t r) (k t a) (q m o) (t f d) (t l n) (t i m) (j e g) (a d l) (q o g) (h r b) (g d r) (a c s) (l o p) (k i p) (k e h) (k s f)
double 63 (8.67 0.29 3.2) (5.32 0.82 6.13) (3.14 3.3 5.12) (6.86 6.05 7.43) (5.91 3.95 0.03) (9.79 2.28 4.75) (7.32 6.36 1.87) (1.36 5.16 9.28) (9.99 5.05 9.07) (4.17 4.86 6.23) (5.61 4.05 0.39) (2.62 2.03 0.94) (4.7 4.29 1.85) (1.1 2.45 9.67) (2.55 3.46 3.88) (5.57 4.89 0.17) (8.44 6.68 4.42) (1.45 3.04 2.36) (8.44 0.25 5.26) (2.19 8.67 7.68) (0.21 1.32 7.93) (6.01 0.69 7.96) (1.34 6.69 6.4) (9.41 5.89 1.1) (0.15 5.03 8.9) (4.91 3.62 8.41) (5.43 8.26 6.07) (9.15 9.09 7.32) (7.88 2.42 6.32) (3.56 9.65 6.38) (3.14 7.31 4.26) (7.33 0.87 1.18) (4.52 3.7 4.62) (9.57 1.84 2.06) (5.42 8.66 5.17) (6.96 2.34 6.44) (1.66 8.6 9.56) (6.13 5.31 5.74) (5.82 4.31 1.17) (8.25 1.07 6.1) (3.67 0.56 3.87) (7.3 9.97 2.02) (0.69 6.72 5.95) (0.82 4.16 6.76) (6.99 2.61 9.88) (1.75 2.26 9.24) (5.11 3.03 4.85) (7.14 9.82 5.93) (4.87 0.44 7.67) (9.17 1.53 6.53) (2.3 1.08 2.04) (0.42 4.98 9.91) (5.51 1.83 3.54) (7.23 6.82 1.39) (9.8 8.37 4.1) (6.48 8.99 4.36) (9.13 6.13 6.41) (0.56 5.28 6.78) (5.04 3.92 9.95) (0.21 7.05 6.71) (5.06 5.5 8.4) (5.23 0.89 9.72) (5.51 8.45 2.86)
char 64 (r g d) (f i c) (h k k) (p i k) (t k g) (o n p) (i a k) (j o j) (t p b) (o i f) (e o e) (n q c) (i i g) (o o d) (i e p) (n a o) (l b j) (g s n) (g m d) (s f o) (f p a) (d s m) (c g i) (g j a) (d r l) (o t c) (n j q) (n r c) (d n n) (n q e) (p l r) (m a p) (i n c) (s i c) (a s d) (l s n) (m t j) (d g l) (b o p) (d q j) (c m h) (c g p) (m d o) (i b i) (s c i) (k a t) (t s o) (q s f) (s n n) (b d q) (d j m) (i g m) (l k e) (o k j) (f r q) (r r c) (d q a) (b t b) (t h d) (i h c) (d s g) (j d e) (p p f) (c b o)
double 67 (2.5 0.81 3.18) (8.72 7.13 4.72) (3.39 7.8 2.24) (8.68 9.93 4.42) (3.83 3.92 1.9) (6.56 6.56 6.09) (6.27 6.63 9.01) (6 5.7 2.7) (6.75 0.45 1.06) (0.01 0.02 9.81) (5.83 6.48 7.78) (5.44 8.3 3.68) (1.84 4.6 7.9) (6.51 0.08 8.73) (9.09 7.39 0.85) (6.8 8.69 2.8) (6.3 5.49 3.7) (4.04 6.84 2.58) (3.94 2.33 5.37) (4.86 4.87 9.11) (6.84 5.46 6.77) (1.21 8.72 2.16) (9.74 6.78 5.76) (9.68 1.47 8.61) (0.71 7.88 6.55) (2.68 0.96 9.52) (5.81 3.16 7.9) (7.16 8.23 4.25) (4.46 9.36 1.21) (8.21 1.83 0.96) (0.32 9.27 6.92) (2.84 0.74 6.22) (6.99 8.55 1.09) (2.64 8.14 4.36) (7.38 2.17 2.86) (2.14 8.7 5.46) (8.69 2.79 4.47) (8.95 7.72 8.28) (3.28 8.52 2.75) (2.81 5.97 1.22) (0.58 9.11 9.95) (4 8.45 8.02) (2.63 2.05 4.21) (8.03 4.42 7.32) (3.56 5.64 5.07) (2.68 8.44 4.94) (6.46 6.54 0.95) (0.26 8.3 1.83) (5.96 7.38 8.85) (5.59 9.11 7.85) (1.96 0.29 9.33) (6.41 4.04 7.1) (8.24 7.67 6.43) (8.07 6.45 8.26) (9.45 9.29 5.3) (9.03 5.97 4.48) (6.47 5.03 6.62) (7.64 0.43 6.52) (1.57 1.94 6.44) (5.48 3.44 2.55) (2.67 2.19 1.33) (5.27 2.5 5.69) (2.43 6.88 5.07) (8.73 0.22 4.56) (5.14 9.98 4.54) (8.75 9.59 0.66) (8.28 3.18 0.83)
int 67 (81 27 99) (35 21 78) (32 86 15) (93 35 48) (18 56 53) (35 27 53) (15 66 81) (81 6 90) (31 94 36) (24 46 85) (76 27 24) (18 21 86) (70 55 69) (1 53 74) (8 72 13) (70 28 87) (2 9 13) (80 22 85) (76 21 19) (87 71 88) (42 5 49) (42 26 17) (85 11 94) (11 12 95) (77 98 89) (82 76 14) (39 43 24) (42 13 53) (71 40 39) (63 63 96) (98 89 17) (70 87 69) (99 94 74) (82 56 64) (87 11 68) (23 49 47) (40 28 21) (33 51 66) (67 92 63) (32 42 95) (80 78 99) (39 99 90) (26 59 49) (29 71 14) (90 61 11) (68 88 89) (98 34 16) (77 12 46) (83 5 12) (26 36 83) (5 86 33) (33 35 26) (5 68 95) (32 29 43) (79 23 82) (43 39 67) (11 2 53) (95 5 3) (22 26 62) (38 27 33) (40 59 70) (57 56 3) (69 81 60) (72 77 21) (68 94 11) (2 78 40) (28 46 95)
char 68 (d l t) (j h n) (b i l) (i o j) (h m b) (m b b) (m j n) (k d t) (q s k) (g c n) (n s g) (h d n) (i f c) (d i g) (n b b) (j c h) (h f h) (b n d) (n t j) (m d t) (f j r) (e e a) (f h s) (i d f) (f n r) (s d j) (e l j) (b g q) (r r c) (b j a) (q f t) (j d l) (f l q) (m p m) (j g n) (g p f) (j e e) (p g c) (p f g) (t r q) (j b n) (m e o) (m t h) (h s m) (s e k) (a h o) (q k s) (f b a) (g p f) (g m m) (e r o) (j j q) (h m l) (f l g) (b j b) (f f d) (h n s) (g n s) (e g r) (t i p) (d s m) (s d a) (i p j) (o i n) (i o f) (l p h) (i l c) (m j h)
bool 69 (1 1 0) (0 1 1) (1 0 1) (1 0 0) (1 0 1) (0 1 1) (1 0 0) (1 1 1) (0 1 0) (1 1 1) (0 0 1) (1 1 1) (1 0 0) (1 1 0) (0 1 0) (1 0 0) (1 1 0) (1 1 1) (0 0 0) (1 1 1) (0 0 1) (1 1 0) (1 0 0) (0 0 1) (1 1 1) (1 0 1) (1 1 1) (0 0 0) (0 1 1) (0 0 1) (0 0 1) (1 0 1) (0 0 1) (1 1 0) (1 0 0) (0 0 1) (0 1 0) (0 1 1) (1 1 0) (1 1 0) (0 0 1) (0 1 1) (0 0 1) (0 0 1) (0 0 0) (1 1 0) (1 1 1) (0 0 1) (1 0 0) (0 1 0) (0 0 1) (1 1 1) (0 0 0) (1 1 1) (0 0 1) (0 0 0) (0 1 1) (0 1 1) (0 0 0) (0 0 1) (1 0 0) (0 0 1) (0 1 0) (1 0 0) (1 1 1) (1 0 0) (1 1 1) (1 1 0) (1 1 1)
bool 71 (0 1 0) (1 0 1) (1 1 1) (0 1 1) (1 1 1) (0 1 0) (0 1 1) (0 0 0) (0 0 0) (0 1 0) (1 0 0) (1 1 0) (1 1 0) (1 1 0) (0 1 1) (1 1 1) (1 1 0) (0 1 0) (0 0 0) (0 1 1) (0 1 1) (0 0 0) (1 1 1) (1 1 1) (1 1 0) (1 0 1) (1 1 0) (1 0 1) (0 1 1) (0 1 1) (0 1 0) (1 0 0) (0 0 0) (0 0 0) (1 1 1) (1 1 1) (1 0 0) (1 0 1) (0 1 1) (1 0 1) (0 1 0) (0 0 0) (0 0 0) (1 0 0) (1 1 1) (1 1 0) (0 1 0) (0 1 0) (0 0 0) (0 0 1) (1 0 1) (0 1 0) (0 0 0) (1 1 1) (1 1 1) (0 0 1) (1 0 1) (0 0 1) (1 0 0) (1 0 0) (1 0 1) (1 1 0) (1 1 0) (0 1 0) (0 0 0) (1 1 1) (1 0 0) (0 1 0) (1 1 1) (1 1 1) (1 1 0)
bool 71 (0 0 1) (0 0 1) (1 0 0) (0 0 0) (0 1 0) (1 0 0) (1 1 1) (1 1 1) (1 0 1) (1 1 1) (0 0 1) (0 1 0) (0 1 1) (0 0 1) (1 0 1) (1 0 1) (1 1 1) (1 0 1) (0 1 0) (1 0 0) (1 1 1) (1 0 1) (1 1 1) (0 1 1) (0 0 1) (0 0 1) (0 0 0) (1 1 1) (1 1 1) (1 1 1) (0 0 0) (0 0 1) (0 1 0) (0 1 0) (0 0 0) (0 0 0) (1 1 1) (1 0 1) (1 1 1) (0 1 1) (0 1 1) (0 0 0) (0 1 0) (0 1 1) (1 1 1) (1 1 0) (0 1 1) (0 1 1) (0 0 0) (0 0 1) (0 1 1) (0 0 0) (0 1 0) (0 0 1) (1 1 1) (0 0 1) (0 1 1) (1 0 0) (1 0 1) (1 0 0) (0 0 1) (1 1 1) (0 0 1) (1 0 1) (0 0 1) (0 0 1) (1 1 0) (1 0 1) (1 0 0) (0 1 0) (0 1 1)
bool 72 (0 0 1) (1 1 0) (1 0 1) (0 1 1) (1 0 1) (0 0 1) (0 1 0) (1 1 0) (1 0 0) (1 1 0) (1 0 0) (1 1 0) (0 1 1) (0 1 1) (1 1 0) (1 0 1) (1 0 0) (1 0 1) (0 0 0) (1 1 0) (0 1 1) (0 0 0) (1 0 1) (1 1 0) (1 0 1) (1 1 0) (1 1 1) (1 1 0) (0 0 1) (0 1 1) (0 0 1) (1 1 0) (1 1 1) (0 1 1) (0 1 1) (0 1 0) (0 0 1) (1 0 1) (0 1 1) (1 0 0) (0 1 0) (0 0 1) (1 1 0) (0 0 0) (1 0 0) (1 1 1) (1 0 0) (1 1 0) (1 0 0) (1 0 0) (1 0 0) (1 1 1) (0 0 0) (1 0 0) (0 1 0) (1 0 0) (0 0 0) (0 0 0) (0 1 0) (0 0 1) (0 0 0) (0 1 0) (1 0 1) (0 1 1) (1 0 0) (0 1 1) (0 0 1) (1 0 1) (1 0 0) (1 0 1) (1 1 0) (1 0 0)
int 72 (38 3 20) (57 57 43) (30 98 83) (90 21 32) (30 46 93) (38 67 38) (52 18 90) (12 70 1) (54 67 11) (13 75 20) (22 1 81) (50 40 26) (82 83 40) (60 22 17) (76 73 75) (3 60 44) (79 16 36) (95 7 43) (74 22 86) (91 29 81) (77 46 99) (70 6 38) (65 23 95) (47 10 23) (86 71 56) (93 92 12) (72 38 73) (87 11 56) (18 75 76) (92 6 79) (61 53 67) (29 8 25) (7 41 92) (28 40 4) (34 90 31) (77 94 89) (67 85 50) (19 88 64) (29 42 72) (18 84 90) (26 12 22) (71 14 13) (83 30 72) (81 59 60) (57 32 66) (70 54 84) (93 7 80) (54 1 2) (13 30 47) (69 8 91) (3 25 89) (92 27 39) (78 98 61) (1 96 79) (49 30 26) (82 97 88) (88 65 70) (10 7 39) (84 82 38) (16 59 43) (8 24 91) (51 74 32) (90 47 12) (94 18 65) (92 10 3) (62 10 35) (37 40 87) (65 49 17) (35 4 59) (76 27 60) (31 17 68) (70 41 53)
int 74 (73 70 18) (55 58 43) (14 57 33) (31 31 33) (17 86 40) (14 45 63) (54 71 46) (15 14 55) (99 6 64) (89 40 64) (88 46 13) (32 20 87) (88 96 36) (59 97 37) (13 44 2) (96 28 31) (19 44 23) (40 6 88) (56 73 83) (77 98 3) (45 31 80) (58 25 85) (46 73 52) (29 98 13) (71 95 78) (46 3 65) (20 28 44) (79 33 17) (60 91 47) (73 59 44) (27 83 76) (56 8 28) (76 88 4) (71 99 87) (65 59 14) (95 20 92) (16 9 79) (39 18 49) (18 15 27) (86 96 65) (48 31 97) (41 22 69) (19 23 77) (38 52 97) (81 11 26) (23 44 80) (36 6 56) (42 31 85) (42 84 88) (14 56 16) (82 96 40) (78 32 7) (24 23 32) (35 42 75) (28 83 90) (87 51 54) (74 1 68) (50 6 85) (42 87 25) (30 63 13) (23 21 39) (46 29 81) (3 35 8) (86 94 16) (5 87 33) (6 40 41) (36 87 55) (9 68 27) (93 27 29) (45 77 92) (20 21 35) (97 57 46) (13 56 47) (80 33 27)
int 75 (14 93 29) (71 57 88) (92 55 77) (7 5 62) (52 11 51) (69 50 9) (84 9 74) (10 15 60) (66 81 8) (30 18 2) (25 51 69) (46 53 85) (25 92 21) (96 68 81) (99 55 65) (18 58 83) (3 28 13) (20 70 3) (64 92 13) (52 40 73) (21 51 85) (16 10 48) (87 47 30) (92 67 21) (21 50 67) (5 98 26) (39 34 69) (47 66 96) (8 27 74) (61 97 15) (85 65 70) (42 9 22) (41 23 9) (75 26 38) (87 77 63) (75 38 74) (47 81 16) (62 15 96) (89 65 48) (86 33 16) (78 39 29) (85 44 94) (85 40 2) (79 10 55) (52 90 89) (82 42 84) (29 75 77) (73 67 76) (25 67 93) (88 63 35) (15 17 29) (91 80 19) (54 39 91) (48 50 29) (76 27 82) (60 54 57) (63 45 52) (25 73 60) (43 90 81) (98 18 19) (98 18 10) (14 9 22) (6 53 34) (94 37 48) (48 60 91) (20 35 1) (55 47 76) (21 55 72) (14 93 81) (38 15 63) (42 12 57) (11 60 69) (31 18 62) (64 45 73) (92 65 3)
char 75 (p r s) (i p t) (r o b) (l s m) (b d q) (f s o) (d k q) (t b k) (k q h) (a q c) (e n h) (r c p) (g q n) (c a r) (q m j) (t e m) (f a r) (c r g) (o n d) (k e c) (o e q) (e q i) (s s l) (j b j) (q c a) (c g s) (e q j) (j p k) (o b m) (f q k) (k l a) (m r g) (m g t) (p s p) (j k t) (t q e) (h s l) (q c e) (b c j) (j q p) (s o p) (i p e) (c a l) (g m n) (h q s) (n f h) (k n h) (l k r) (d n h) (o o p) (n a a) (c t q) (b d l) (t o s) (m k k) (g h l) (a q o) (o i t) (g c a) (q e m) (b p p) (f q q) (p h l) (p n b) (o f o) (l c c) (d c m) (p l s) (d b q) (f f d) (i k g) (s q a) (r o f) (f h l) (t d b)
bool 76 (1 1 1) (1 0 0) (1 0 0) (1 0 1) (1 0 0) (0 0 1) (1 0 1) (0 0 1) (0 1 1) (1 1 1) (1 0 1) (0 0 0) (1 1 0) (0 1 0) (1 0 0) (1 0 0) (1 1 0) (0 1 0) (0 1 0) (0 1 1) (0 1 1) (0 1 0) (1 0 0) (0 1 0) (1 1 0) (1 0 1) (0 0 0) (0 0 0) (1 1 0) (1 1 0) (1 1 0) (0 1 0) (0 1 0) (1 0 0) (1 0 1) (0 0 1) (1 1 0) (1 0 1) (0 1 0) (1 1 1) (0 1 1) (0 1 0) (0 0 1) (1 0 1) (1 1 1) (0 1 0) (1 0 0) (0 1 1) (1 0 1) (1 1 0) (1 1 0) (0 0 0) (0 1 1) (0 1 0) (0 1 1) (0 1 0) (0 1 0) (0 1 1) (0 1 1) (0 0 0) (0 1 1) (1 1 0) (1 1 1) (0 0 1) (0 0 0) (1 1 0) (1 0 0) (0 1 1) (1 1 0) (1 0 0) (1 1 1) (0 1 1) (0 0 0) (0 0 1) (1 0 0) (1 0 0)
double 76 (5.78 3.7 7.51) (0.63 0.24 8.47) (8.13 3.42 8.13) (9.22 1.71 4.52) (7.82 6.61 1.05) (6.48 1.05 2) (3.86 9.63 5.76) (0.1 2.62 7.09) (8.47 8.4 0.48) (0.85 3.74 4.09) (2.27 1.95 8.04) (8.83 0.84 8.39) (7.65 7.99 6.89) (4.33 3.67 8.79) (0.18 8.76 5.12) (8.54 1.79 5.33) (2.02 4.88 9.22) (2.8 5.11 7.9) (9.81 6.38 0.49) (7.7 8.19 9.68) (5.91 8.37 8.51) (5.05 5.9 6.09) (9.45 6.83 9.01) (0.78 6.92 5.87) (7.42 7.96 8.17) (1.11 8.02 3.32) (0.76 7.56 6.67) (5.19 6.43 9.22) (0.7 7.77 8.12) (6.83 2.23 5.36) (5.57 6.89 9.13) (1.82 9.07 3.43) (4.24 3.6 4.84) (6.33 5.21 7.15) (7.73 0.95 5.94) (8.76 8.76 6.24) (8.52 1.76 8.53) (4.9 9.98 3.5) (3.13 8.04 9.4) (0.71 1.09 5.15) (7.23 3.91 0.41) (0.07 6.5 6.05) (7.14 9.25 0.3) (4.72 6.09 5.22) (5.35 0.54 9.79) (6.25 0.51 4.61) (8.21 4.34 1.53) (0.72 0.87 7.5) (3.94 6.95 3.13) (6.75 3.15 6.95) (4.79 0.74 8.64) (9.71 6.33 0.08) (5.95 9.43 8.81) (5.36 2.09 9.38) (7.54 8.56 8.55) (0.51 9.13 3.62) (1.53 3.35 8.08) (1.09 5.35 9.62) (2.18 3.17 6.41) (3.27 2.41 9.57) (8.31 0.74 7.33) (4.28 0.8 6.21) (3.85 3.54 2.74) (2.31 7.55 7.64) (3.62 9.77 0.04) (6.61 2.08 5.28) (2.3 2.89 1.8) (7.73 2.82 3.87) (0.76 2.61 3.85) (6.14 6.33 6.86) (7.94 6.41 3.32) (4.05 5.05 3.96) (0.43 5.97 5.33) (8.37 2.88 8.71) (3.5 1.21 8.71) (5.4 4.94 9.51)
bool 78 (1 0 0) (1 1 0) (1 1 0) (1 0 0) (1 0 0) (1 0 0) (0 0 0) (1 0 0) (1 0 1) (1 0 1) (0 0 0) (0 0 1) (1 1 1) (0 0 1) (0 1 0) (1 1 1) (0 0 0) (1 0 0) (0 1 0) (0 0 1) (0 1 0) (0 1 0) (0 0 0) (1 1 0) (0 1 0) (0 1 0) (1 1 0) (1 1 0) (1 0 1) (1 0 0) (0 0 0) (1 1 1) (0 0 1) (1 1 0) (1 1 0) (0 0 0) (0 1 0) (0 1 1) (0 0 0) (0 0 0) (0 1 1) (1 1 1) (1 0 1) (0 1 0) (0 1 0) (0 0 0) (1 1 1) (0 0 1) (1 1 1) (1 0 0) (1 0 0) (0 1 0) (0 1 1) (0 0 0) (1 0 0) (1 0 1) (0 0 1) (0 1 1) (0 0 1) (1 1 0) (1 0 0) (0 0 1) (0 0 1) (1 1 0) (1 0 1) (0 0 1) (1 1 0) (0 1 1) (0 1 1) (0 1 0) (0 0 1) (1 1 0) (0 1 0) (1 1 1) (0 1 1) (1 1 0) (0 1 1) (1 1 1)
double 79 (5.79 6.07 1.17) (8.17 9.09 9.73) (0.78 2.01 0.85) (1.71 8.68 3.02) (8.07 7.03 7.41) (6.17 5.08 9.9) (9.28 9.64 4.94) (1.37 7.63 2.59) (6.3 6.43 4.5) (7.48 6.17 2.25) (5.23 5.93 2.3) (3.37 4.33 0.81) (2.54 9.04 4.28) (3.68 2.68 2.55) (2.55 8.93 0.97) (8.1 9.9 6.29) (1.86 8.68 0.17) (2.55 6.58 7.87) (7.76 5.54 6.31) (4.56 8.16 8.24) (0.3 4.27 2.24) (4.08 8.24 5.83) (4.49 1.58 9.53) (9.38 8.87 9.73) (3.75 3.89 1.55) (0.95 6.79 6.42) (1.21 3.03 5.24) (9.09 8.56 2.94) (3.63 7.72 5.83) (9.77 1.7 8.36) (6.3 0.35 7.57) (4.54 3.6 3.12) (9.01 9.59 5.22) (4.34 5.98 7.73) (6.11 9.01 0.71) (5.57 3.7 1.22) (5.85 1.26 4.8) (3.09 0.35 3.32) (6.9 9.4 9.4) (0.61 9.26 8.3) (3.6 5.12 6.05) (5.73 9.07 7.82) (9.24 7.28 4.35) (8.42 9.09 0.67) (1.48 1.27 7.36) (2.7 9.92 9.2) (2.01 1.45 4.46) (6.39 0.92 0.17) (7.96 9.78 4.21) (6.62 1.58 0.4) (1.38 3.05 7.82) (2.48 4.11 6.03) (6.15 0.12 7.77) (8.6 9.66 5.36) (5.39 3.23 4.05) (3.72 7.71 0.75) (0.52 8.08 6.96) (3.14 5.17 4.74) (4.71 0.5 5.85) (5.51 1.78 2.05) (5.17 9.15 4.01) (1.5 0.28 7.08) (1.66 1.55 3.44) (8.72 4.12 8.23) (4.29 3.49 3.7) (0.24 6.86 5.41) (4.69 8.13 0.27) (1.47 6.74 3.23) (3.03 2.24 8.6) (3.06 8.13 8.15) (5.45 5.56 8.17) (9.46 2.68 3.03) (4.83 6.72 0.91) (7.41 1.81 5.77) (2.33 1.35 4.07) (8.55 2.49 1.51) (8.65 5.24 2.2) (0.12 2.44 2.49) (0.35 5.35 1.49)
char 79 (f q b) (c t l) (r a c) (c s n) (o i t) (c a k) (n r n) (i n a) (j n a) (f f s) (i m t) (d c r) (f b a) (f t j) (b d o) (s n q) (m b d) (b q g) (r o c) (s q m) (f h a) (g i t) (q h l) (m a m) (n n e) (s h b) (h d a) (d k l) (m s b) (g k c) (o o h) (s p b) (k t n) (k p q) (i l f) (i j r) (o f t) (l c p) (l i r) (g i s) (r c h) (d s d) (r n l) (f p b) (i m k) (j t k) (i s s) (b l d) (h q o) (c n k) (d n g) (q m r) (q j p) (d g j) (h p p) (n s p) (i h k) (j p k) (f i j) (p r b) (f d b) (a o f) (i g n) (t f e) (k q e) (a q l) (e o e) (s h d) (g d f) (l l a) (b g m) (e m f) (r j k) (p d a) (j a i) (g f g) (j h d) (m p l) (e m k)
double 79 (3.13 5.41 1.74) (3.35 3.66 6.26) (7.74 6.14 6.57) (2.64 7.5 7.21) (2.32 2.78 3.52) (6.46 0.56 1.19) (8.18 1.75 7.21) (2.11 9.73 5.55) (7.41 1.81 5.55) (1.96 9.7 8.42) (0.85 7.62 2.69) (3.86 8.93 0.07) (6.65 9.67 0.74) (6.13 2.5 3.05) (9.55 9.6 5.86) (9.24 6.84 2.09) (4.15 6.5 8.36) (6.2 9.32 4.15) (7.57 2.91 5.34) (7.18 6.98 8.42) (6.59 6.72 2.03) (9.75 0.14 5.41) (1.46 3.42 7.69) (0.36 1.16 4.44) (4.07 1.31 8.57) (2.72 4.18 8.97) (9.6 8.37 9) (2.73 3.04 2.97) (0.25 3.74 2.32) (7.9 4.03 6.56) (2.84 6.43 7.07) (6.35 2.3 7.03) (1.59 0.11 0.14) (3.88 8.89 8.15) (0.32 0.1 3.14) (7.45 4.08 5.4) (2.23 7.09 2.47) (7.6 3.22 3.57) (9.43 8.71 9.86) (5.88 9.22 4.71) (8.68 7.38 2.87) (1.99 3.56 7.43) (3.95 9.01 0.58) (5.95 3.02 5.09) (9.68 8.04 1.09) (0.53 0.2 5.02) (0.85 9.81 4.15) (9.33 4.54 1.73) (9.14 9.79 0.68) (2 7.16 1.68) (5.46 8.68 9.33) (8.16 9.73 1.07) (8.26 7.26 2.63) (7.77 8.82 4.6) (6.29 3.62 9.11) (9.12 2.21 1.74) (3.68 8.2 7.99) (0.15 6.28 8.08) (2.3 6.26 8.15) (6.92 0.24 6.16) (5.95 5.37 4.21) (9.14 6.59 5.37) (5.16 1.5 8.27) (0.89 2.04 4.79) (3.89 5.82 2.7) (6.57 6.8 3.33) (0.17 7.9 1.52) (2.48 5.82 7.15) (4.42 4.66 2.9) (2.52 0.01 3.58) (8.51 2.85 7.89) (1.68 4.25 3.76) (5.09 9.94 1.35) (1.29 2.28 0.34) (2.43 5.59 0.18) (0.32 0.31 1.41) (1.86 9.8 7.73) (8.77 9.07 6.95) (8.64 6.59 9.14)
double 80 (4.46 3.5 0.3) (1.72 9 9.53) (6.76 1.02 6.32) (2.94 3.24 7.11) (3.3 2.72 1.87) (2.53 0.25 6.39) (2.22 4.39 9.12) (9.21 5.9 0.99) (1.98 0.77 7.52) (7.97 4.28 7.01) (7.21 3.92 8.32) (0.36 3.89 1.13) (5.46 4.5 8.76) (0.47 2.38 4.01) (4.61 3.65 6.86) (7.27 1.83 1.82) (6.36 0.78 2.46) (8.14 4.28 5.98) (8.93 2.67 0.64) (5.49 8.55 2.04) (6.02 0.45 1.59) (2.5 9.82 2.51) (5.29 7.31 8.4) (3.91 3.45 9.56) (2.69 9.1 0.09) (3.95 0.46 4.57) (3.94 4.84 7.34) (1.43 3.71 2.7) (3.72 8.36 5.21) (5.65 2.76 8.33) (4.84 8.55 6.9) (9.14 6.51 2.14) (0.81 4.07 0.37) (6.54 9.13 5.08) (6.6 3.01 2.52) (1.81 6.85 9.52) (4.83 2.25 6.31) (0.29 4.77 2.51) (7.26 5.86 1.59) (5.67 0.88 4.56) (2.57 9.83 3.49) (0.47 5 6.06) (2.08 1.92 6.05) (4.88 3.56 3.38) (7.92 8.65 9.56) (3.98 9.93 8.61) (4 6.71 9.75) (0.54 1.32 0.91) (7.7 0.94 0.63) (0.57 4.35 6.15) (7.84 1.8 5.93) (1.72 1.37 9.17) (0.45 2.58 1.03) (1.97 8.66 8.03) (8.39 6.46 3.3) (7.58 9.56 6.77) (9.48 6.97 8) (5.21 1.13 0.02) (9.56 5.37 7.11) (7.28 6.96 9.36) (7.91 0.27 0.71) (4.75 2.21 6.87) (3.62 3.83 1.34) (4.63 4.06 9.17) (8.66 1.78 6.88) (8.22 4.85 2.36) (5.48 2.03 5.56) (6.59 3.03 5.66) (6.97 4.87 7.13) (5.41 3.8 6.22) (5.59 9.99 4.23) (3.5 4.64 5.35) (0.89 2.32 4.16) (2.99 6.11 5.02) (6.46 5.45 8.9) (4.36 5.81 6.76) (2.62 8.49 6.51) (1.61 8.37 8.65) (1.73 2.9 5.3) (5.26 5.6 2.39)
char 81 (t d g) (a m l) (p a n) (r a f) (d f m) (h m r) (s k i) (s t d) (d f f) (h g p) (c r r) (i t s) (m m h) (s k q) (l e e) (t h p) (g j j) (m d s) (t i d) (s h o) (h q m) (d m d) (b g o) (d j e) (p s n) (l h j) (f f b) (g g o) (q e p) (p k m) (g i k) (s l i) (o r n) (p s m) (i q g) (e g f) (c j s) (o m d) (c j n) (f d b) (i t h) (m f e) (i g o) (n q t) (s a o) (a g f) (c l t) (c l k) (l e s) (o a g) (q n p) (t h l) (e h d) (t l k) (p d j) (k p r) (d f g) (s g f) (n f i) (o r j) (b n k) (c i h) (d o m) (c d t) (f b q) (i d k) (p e b) (g d b) (s l g) (m g g) (b m j) (p n r) (d o k) (g n k) (o e d) (f g s) (a l b) (h d g) (i p l) (h c b) (f q i)
char 82 (o n a) (r t q) (d k t) (m h j) (r i b) (g m h) (a c r) (d q o) (o a e) (p p e) (s b b) (i p r) (t c d) (b h i) (f d c) (e m b) (b s g) (k m s) (m o d) (g g q) (c q g) (t l t) (q j c) (e r r) (k k j) (o r e) (t k t) (q j t) (p j t) (n d h) (p p e) (s l a) (b c b) (j f s) (t k n) (o o j) (c l c) (i d f) (r c g) (s f d) (e c n) (p t s) (e n l) (h b r) (h f g) (d g n) (p j c) (i h q) (j o f) (p l a) (c m p) (i d f) (j a p) (g p e) (m c e) (m l j) (j t p) (h k l) (g h j) (o j g) (h c g) (m q l) (m r e) (j o k) (m r f) (b o a) (l q s) (j b n) (l j j) (l b d) (a b o) (n j h) (o m p) (r t k) (b c p) (q m s) (q s g) (c j r) (d b d) (m q j) (j b p) (q a i)
bool 84 (1 1 0) (1 1 1) (0 0 1) (0 0 1) (1 0 1) (0 1 1) (0 1 1) (0 1 1) (0 0 0) (1 0 0) (0 0 0) (1 0 0) (1 1 1) (1 1 1) (1 1 1) (1 1 1) (0 1 0) (1 1 0) (0 1 1) (1 1 0) (0 0 0) (1 0 1) (1 0 1) (0 0 0) (1 1 1) (0 1 1) (1 0 1) (0 1 0) (0 0 1) (1 1 1) (0 0 1) (1 1 0) (1 0 0) (0 1 0) (1 1 0) (0 0 0) (1 1 1) (0 1 0) (0 1 0) (1 0 0) (0 1 1) (0 0 0) (1 0 0) (1 1 1) (1 0 0) (0 1 0) (1 0 0) (1 1 0) (1 1 1) (1 1 1) (0 0 1) (1 1 1) (1 1 1) (1 0 0) (0 1 0) (0 0 1) (1 1 0) (1 0 1) (0 0 0) (1 0 0) (0 1 1) (1 0 1) (0 1 1) (0 1 0) (1 0 1) (0 1 1) (0 1 1) (1 1 0) (1 1 0) (0 0 0) (1 0 1) (0 1 0) (1 1 0) (1 1 1) (0 1 0) (0 0 1) (1 1 0) (1 1 1) (0 1 0) (0 1 1) (1 0 1) (0 1 0) (1 0 1) (1 1 0)
int 85 (91 74 60) (54 92 44) (13 78 7) (89 87 36) (73 60 1) (6 47 9) (25 99 14) (42 42 41) (61 35 27) (52 64 45) (38 57 32) (79 79 4) (63 27 1) (21 35 19) (60 63 75) (39 79 78) (94 28 55) (66 5 75) (23 55 55) (26 81 29) (51 12 44) (34 95 47) (92 64 79) (37 12 75) (91 9 34) (90 2 63) (48 79 77) (38 18 38) (82 70 2) (70 93 80) (37 58 22) (65 57 60) (51 88 53) (58 27 49) (13 51 70) (84 12 29) (85 89 70) (96 53 86) (87 85 44) (38 41 3) (30 79 15) (71 92 31) (28 81 49) (59 51 8) (44 65 29) (44 18 4) (90 53 74) (37 94 99) (82 69 40) (17 76 79) (34 18 15) (61 71 54) (56 12 56) (12 79 18) (57 14 61) (78 80 22) (53 4 62) (85 87 46) (90 42 46) (79 91 73) (80 65 52) (44 48 96) (57 66 38) (48 3 12) (19 35 11) (59 36 28) (58 49 18) (10 90 13) (55 76 62) (29 47 31) (59 58 19) (98 16 99) (90 38 39) (55 1 21) (43 93 86) (75 66 55) (24 25 7) (92 58 1) (14 60 96) (81 79 50) (77 12 17) (19 79 17) (85 14 21) (45 35 12) (20 12 30)
char 85 (l p r) (s h c) (m d b) (k t h) (o h j) (i j h) (s e i) (r k i) (g q c) (s h i) (g r p) (q g l) (i k l) (m e t) (r q l) (s e r) (a l b) (g b r) (r f r) (h k m) (g f h) (c o q) (o j d) (k l n) (s a b) (c d d) (m c t) (f k e) (r f g) (c h m) (j s f) (d k n) (l h m) (s k l) (c l o) (c i c) (a f p) (r o a) (a n i) (g o c) (k n p) (a d g) (i o e) (t o g) (i n i) (o q m) (f m s) (j m t) (q f n) (k h m) (c n a) (f l q) (l f l) (m r g) (s c b) (l f l) (m n q) (m c f) (j q h) (f j p) (r c c) (b p q) (l h f) (f c m) (q t k) (f c c) (i i k) (d k d) (m s s) (k j i) (o f h) (a o o) (k n t) (l h b) (p f l) (l l e) (n p c) (a g o) (b c n) (q g c) (h l n) (c s q) (s k s) (l g n) (o r k)
bool 86 (1 0 1) (0 0 0) (0 0 1) (0 0 0) (0 1 0) (1 1 0) (0 0 0) (1 1 0) (0 1 0) (1 1 0) (0 1 0) (1 0 0) (1 0 0) (1 1 0) (1 0 0) (0 1 1) (1 1 1) (0 1 0) (0 0 1) (0 0 0) (1 0 1) (1 0 0) (0 0 1) (1 0 1) (0 1 1) (1 0 0) (1 0 1) (0 1 0) (1 1 1) (1 1 0) (0 0 0) (1 1 0) (0 1 1) (0 1 1) (0 1 0) (0 0 1) (1 0 0) (1 0 0) (1 1 1) (0 1 1) (0 0 1) (0 1 0) (0 0 1) (1 1 0) (0 1 1) (1 1 0) (1 0 0) (1 1 0) (0 1 0) (1 1 0) (0 0 1) (0 1 0) (1 1 0) (0 0 0) (1 0 0) (1 0 0) (1 1 1) (1 1 0) (0 1 1) (1 1 0) (1 1 1) (0 1 0) (1 0 1) (1 0 0) (0 0 1) (0 0 0) (0 0 1) (1 0 1) (0 1 0) (0 0 1) (1 1 0) (0 1 1) (0 1 1) (0 0 1) (1 1 0) (0 1 1) (0 1 0) (0 1 0) (1 0 0) (1 1 1) (1 0 0) (0 0 0) (1 1 0) (1 1 1) (1 1 0) (1 0 0)
int 86 (21 26 27) (67 74 51) (37 14 88) (42 29 1) (93 32 24) (92 29 18) (80 81 35) (87 28 17) (79 73 97) (52 48 36) (71 43 99) (98 17 35) (62 61 86) (56 71 53) (80 34 45) (51 11 63) (84 28 80) (17 4 91) (61 95 12) (7 88 93) (80 8 67) (90 88 59) (51 61 95) (26 62 59) (88 16 34) (95 44 11) (36 72 6) (8 57 81) (99 63 48) (58 60 36) (76 80 87) (61 46 1) (81 42 7) (89 72 35) (70 71 91) (73 16 93) (22 58 88) (15 98 51) (13 80 32) (58 38 36) (15 33 71) (58 97 64) (44 43 52) (74 91 75) (93 57 70) (21 27 14) (54 91 83) (72 81 73) (84 27 33) (60 50 18) (55 64 13) (48 97 7) (46 75 19) (14 7 67) (4 21 94) (78 30 76) (26 37 7) (20 39 24) (85 51 27) (81 92 76) (45 5 74) (48 6 70) (26 36 78) (34 80 86) (25 94 18) (75 88 3) (66 86 6) (32 16 80) (60 26 60) (96 42 91) (26 33 53) (93 88 16) (70 57 42) (88 93 89) (34 49 12) (84 36 66) (21 65 3) (65 56 63) (40 12 52) (89 55 79) (85 47 3) (85 19 62) (56 3 58) (71 67 68) (47 69 59) (52 38 57)
int 86 (88 52 47) (69 28 29) (50 88 96) (85 64 79) (12 75 21) (76 6 25) (29 37 28) (21 86 80) (84 52 79) (47 41 88) (43 7 99) (40 26 99) (31 63 11) (67 74 40) (66 24 8) (55 58 6) (96 96 37) (21 77 33) (16 68 60) (36 84 64) (12 94 43) (48 6 50) (33 51 3) (91 73 47) (38 26 99) (97 80 35) (12 41 15) (52 65 46) (26 68 10) (37 50 51) (78 61 96) (48 16 3) (67 66 54) (89 79 35) (95 18 30) (97 22 93) (52 73 61) (96 60 15) (48 88 73) (72 56 19) (78 14 79) (78 75 26) (29 88 11) (62 99 80) (26 48 34) (64 78 43) (10 7 80) (75 53 66) (18 97 94) (12 5 25) (81 98 52) (70 79 29) (98 37 76) (1 16 51) (35 67 25) (60 97 49) (49 42 74) (77 50 46) (33 88 91) (48 3 95) (35 1 32) (18 35 61) (19 53 31) (32 85 54) (38 55 89) (56 46 14) (75 53 56) (50 14 90) (45 20 70) (68 51 58) (90 52 22) (7 7 28) (4 96 34) (82 32 89) (54 30 99) (67 5 79) (54 97 84) (61 63 83) (40 50 46) (90 3 60) (71 65 87) (87 33 1) (83 93 75) (84 61 43) (94 4 9) (25 13 74)
bool 90 (1 0 0) (1 1 1) (0 0 0) (0 1 0) (1 0 1) (1 0 1) (1 1 0) (1 1 1) (0 0 1) (0 0 0) (1 0 0) (0 1 0) (1 1 1) (0 0 1) (1 1 1) (1 1 1) (0 1 1) (1 1 0) (1 1 0) (1 0 1) (0 1 0) (1 0 0) (0 1 0) (0 0 0) (1 0 1) (1 0 0) (0 0 0) (1 1 0) (1 0 0) (1 1 1) (1 0 0) (0 1 1) (0 0 0) (0 1 1) (0 0 1) (0 0 0) (1 1 1) (1 0 0) (0 1 1) (1 0 0) (1 0 1) (1 1 0) (1 0 1) (0 0 1) (1 0 0) (1 0 1) (0 0 0) (0 0 1) (1 1 0) (1 1 1) (1 0 0) (0 1 1) (0 1 1) (1 1 0) (1 0 1) (0 0 0) (0 1 1) (0 0 1) (0 1 0) (0 0 1) (0 1 0) (0 1 1) (1 0 1) (1 0 1) (1 1 1) (0 1 1) (0 1 0) (1 1 0) (1 0 1) (0 0 1) (1 0 0) (1 1 1) (0 0 0) (1 0 0) (0 1 0) (0 0 0) (0 0 1) (0 0 1) (0 1 1) (1 0 1) (1 0 0) (1 1 0) (1 1 0) (1 1 0) (0 1 0) (0 1 0) (1 0 0) (1 1 1) (0 0 0) (0 0 0)
int 90 (54 12 85) (57 82 71) (25 31 32) (30 59 41) (99 64 55) (67 72 58) (29 79 28) (3 12 30) (67 14 16) (10 93 10) (98 66 53) (96 69 90) (63 46 38) (78 39 55) (44 83 78) (19 64 71) (24 27 31) (69 60 32) (70 28 77) (44 74 50) (27 73 55) (78 79 35) (40 88 72) (62 29 95) (38 17 75) (58 33 70) (46 15 42) (84 76 72) (91 29 9) (15 45 66) (46 85 12) (42 19 77) (54 39 62) (69 23 54) (11 83 50) (96 60 69) (39 57 66) (74 41 61) (61 38 39) (58 55 89) (34 84 96) (98 65 57) (12 1 85) (82 68 39) (60 98 2) (62 82 63) (29 8 61) (68 21 34) (35 18 6) (37 83 25) (80 69 26) (31 96 71) (76 74 89) (46 99 42) (52 72 33) (35 69 10) (91 12 5) (41 39 51) (7 78 35) (90 67 31) (82 96 46) (34 83 52) (53 44 45) (57 36 33) (34 87 74) (93 40 26) (79 93 81) (64 21 51) (39 90 19) (46 80 74) (14 61 65) (60 77 26) (83 47 90) (32 80 58) (33 24 49) (64 81 90) (80 17 39) (50 33 25) (98 17 82) (86 97 52) (84 44 34) (36 67 47) (24 43 35) (44 45 11) (1 22 6) (51 7 96) (51 84 9) (52 51 54) (97 63 19) (57 27 96)
int 92 (71 68 14) (65 28 21) (1 72 40) (98 98 47) (6 24 5) (7 8 60) (49 27 12) (68 68 82) (60 97 77) (44 69 21) (49 22 56) (87 68 66) (21 17 3) (74 52 64) (58 18 52) (58 58 78) (95 45 52) (11 70 68) (6 87 69) (28 60 38) (14 21 87) (94 53 20) (71 47 69) (63 23 6) (1 21 49) (76 30 71) (4 1 87) (36 16 20) (39 2 11) (32 97 44) (21 11 57) (94 44 68) (6 51 75) (5 16 24) (74 28 95) (17 70 92) (14 48 74) (19 12 59) (34 88 72) (67 1 99) (44 52 45) (90 70 90) (99 40 62) (77 19 2) (92 70 14) (56 92 41) (60 52 9) (30 38 60) (20 72 72) (11 68 86) (60 47 37) (63 95 81) (94 71 64) (22 16 91) (88 12 63) (8 79 33) (62 30 64) (36 59 91) (71 11 75) (18 82 94) (67 22 24) (98 81 10) (61 67 10) (58 14 69) (1 54 85) (70 16 66) (96 73 61) (92 92 96) (97 21 99) (72 71 22) (15 26 48) (96 3 1) (36 50 4) (27 48 99) (83 50 68) (35 5 58) (92 9 98) (22 14 80) (74 88 85) (11 94 73) (51 91 58) (50 38 53) (90 29 8) (1 21 17) (99 82 8) (69 41 53) (67 84 53) (31 45 79) (37 41 16) (21 62 75) (16 46 34) (74 97 50)
bool 94 (1 1 1) (0 0 0) (0 1 1) (0 0 1) (1 1 0) (1 0 0) (0 1 0) (0 1 0) (1 0 1) (0 0 1) (1 0 0) (1 1 0) (0 1 1) (0 0 1) (1 1 1) (1 0 0) (1 1 1) (1 1 0) (1 0 1) (1 1 1) (0 0 1) (1 0 0) (1 1 0) (1 0 1) (0 0 1) (1 0 1) (1 0 1) (1 1 1) (0 1 0) (1 1 1) (1 1 1) (1 0 1) (1 0 1) (0 1 0) (0 1 1) (1 0 1) (0 0 1) (0 0 0) (0 0 1) (0 0 1) (1 1 1) (1 1 1) (1 0 1) (1 0 1) (0 0 0) (1 0 1) (0 0 1) (1 1 0) (0 1 1) (1 0 1) (0 1 0) (1 0 1) (0 0 0) (1 0 0) (1 0 0) (1 0 1) (0 1 1) (1 0 1) (1 0 1) (0 1 0) (0 0 1) (1 0 1) (1 1 1) (1 0 0) (1 1 1) (1 1 0) (1 0 0) (0 0 0) (1 0 0) (1 0 0) (1 0 0) (1 1 1) (0 1 0) (1 0 0) (0 1 1) (1 0 1) (0 0 0) (0 1 0) (0 0 0) (1 1 1) (0 1 0) (0 0 1) (1 1 1) (0 0 0) (1 0 1) (0 0 1) (1 1 0) (0 1 1) (1 0 1) (1 0 0) (0 1 0) (1 0 0) (1 0 0) (0 0 0)
int 94 (27 99 25) (66 46 91) (44 93 1) (57 81 95) (6 93 59) (94 11 69) (79 19 26) (80 96 25) (14 44 44) (71 10 27) (72 44 6) (99 50 6) (53 99 5) (18 42 34) (42 83 70) (35 16 38) (43 48 51) (63 8 72) (1 42 67) (64 46 11) (4 51 24) (30 20 65) (51 73 60) (51 30 60) (46 54 46) (3 35 93) (14 53 92) (25 23 13) (50 36 74) (84 52 68) (13 17 68) (72 57 41) (39 62 27) (52 94 26) (67 10 51) (52 46 49) (24 64 9) (7 29 98) (73 75 50) (68 86 13) (78 7 81) (65 70 72) (94 43 56) (48 59 87) (71 44 70) (85 13 46) (10 48 22) (10 74 19) (34 22 91) (71 32 87) (1 19 46) (81 5 39) (31 46 80) (69 91 26) (55 84 63) (73 94 48) (18 72 71) (32 21 10) (87 18 12) (86 18 55) (6 21 6) (27 42 67) (56 86 89) (71 10 32) (14 13 62) (19 96 30) (4 71 59) (47 22 1) (45 53 18) (58 17 92) (32 55 28) (63 68 96) (64 77 19) (97 93 71) (52 28 92) (11 32 9) (38 3 18) (94 57 90) (45 73 84) (49 9 57) (98 38 21) (62 71 1) (28 54 33) (12 81 83) (24 94 9) (5 2 48) (16 39 74) (71 74 83) (87 72 81) (29 76 39) (49 59 56) (31 19 12) (29 59 14) (75 89 54)
bool 96 (1 1 0) (1 1 0) (0 1 0) (0 1 1) (1 1 0) (1 0 0) (1 0 0) (0 0 1) (0 1 0) (0 1 0) (1 0 1) (1 0 0) (0 1 1) (0 1 1) (0 1 1) (1 1 0) (1 0 1) (1 1 1) (1 1 1) (1 1 1) (1 0 1) (0 0 0) (0 0 0) (0 0 0) (0 1 0) (0 1 1) (1 0 1) (1 1 1) (1 0 0) (0 1 1) (1 1 1) (0 1 0) (1 0 0) (0 1 1) (0 1 1) (1 0 1) (1 0 0) (1 0 1) (1 0 0) (0 0 0) (0 1 1) (0 0 1) (0 1 0) (1 0 0) (1 0 0) (0 1 1) (1 1 0) (0 0 1) (1 0 0) (1 0 1) (0 0 0) (0 0 0) (0 0 1) (1 0 1) (1 0 0) (0 0 0) (0 1 1) (1 1 0) (1 1 1) (1 0 0) (1 1 1) (1 0 1) (0 0 0) (1 1 0) (1 0 1) (1 0 0) (0 0 0) (1 0 0) (0 1 1) (1 1 0) (1 1 0) (0 1 0) (1 1 0) (1 1 0) (0 0 1) (1 0 0) (1 0 1) (0 1 1) (0 0 1) (1 0 1) (1 0 1) (1 1 0) (0 1 0) (0 0 1) (0 0 0) (1 1 0) (0 1 1) (1 1 1) (1 1 1) (1 0 1) (0 1 0) (1 0 1) (1 1 0) (0 0 1) (1 0 0) (0 1 1)
double 98 (2.52 5.67 2.33) (3.21 1.06 6.02) (5 5.7 4.04) (7.2 2.89 9.21) (5.35 0.26 1.99) (5.49 2.12 0.87) (3.66 7.49 5.35) (3.43 5.5 7.95) (0.9 3.86 8.46) (4.37 8.79 0.11) (2.47 2.01 9.84) (7.44 6.26 2) (0.69 1.37 7.52) (0.61 1.91 4.95) (8.13 6.61 2.08) (1.4 0.44 9.4) (5.4 8.4 2.95) (8.29 8.66 9.89) (8.62 3.21 1.33) (6.7 6.86 3.99) (9.22 0.44 3.67) (0.54 9.96 6.24) (7.15 8.73 0.47) (7.51 6.73 7.58) (8.87 8.65 9.24) (5.51 2.04 5.22) (2.98 4.29 8.39) (4.51 3.26 0.45) (5.18 6.54 3.84) (5.27 4.12 1.37) (1.59 6.8 1.81) (2.04 3.2 1.22) (3.69 2.17 1.89) (6.69 7.55 8.21) (0.37 6.82 7.14) (5.61 6.15 6.21) (4.13 6.03 3.61) (7.73 6.67 0.89) (3.54 0.64 0.3) (7.4 1.5 6.63) (4.15 5.33 6.16) (2.88 8.56 5.44) (4.98 6.44 9.94) (1.5 7.01 2.26) (1.51 1.86 8.78) (0.06 0.81 7.18) (2.82 9.99 2.24) (1.86 1.69 4.92) (4.37 4.78 3.8) (1.31 2.53 3.52) (9.94 6.04 4.14) (9.85 7.81 9.75) (6.16 7.7 8.39) (0.86 0.31 2.85) (2.14 1.71 4.84) (9.93 1.45 8.02) (4.61 3.51 0.8) (1.79 4.94 3.26) (2.12 4.85 6.81) (6.32 9.73 6.77) (3 5.93 3.35) (7.83 8.41 1.9) (6.3 8.5 6.15) (8.16 3.83 0.05) (8.2 8.54 0.79) (9.33 2.42 6.61) (3.88 8.03 5.08) (2.65 1.77 1.88) (2.43 0.71 9.23) (2.16 5.14 2.95) (0.95 8.66 2.53) (5.97 3.88 1.48) (9.35 2.39 1.45) (2.43 3.4 3.16) (5.03 7.17 2.38) (6.81 5.08 7.71) (0.57 6.37 3.15) (9.06 3.2 3.91) (3.35 3.44 8.53) (8.5 4.02 1.98) (3.29 9.5 1.91) (1.74 0.92 8.85) (4.04 3.98 9.89) (2.37 1.28 0.14) (9.17 4.65 1.85) (8.33 8.08 6.92) (8.35 6.24 8.21) (8 5.96 4.28) (6.29 0.15 3.55) (3.37 6.66 5.45) (7.83 0.22 7.13) (9.77 1.97 5.77) (5.01 7.47 9.21) (0.17 1.96 4.72) (0.22 5.07 9.25) (1.27 5.75 6.05) (7.72 1.75 1.4) (8.58 4.84 3.45)
char 100 (e l e) (f q s) (g h r) (j q q) (s a c) (g l i) (c m r) (f b o) (m i j) (r h k) (o m j) (j f i) (o b k) (b o o) (f f k) (m n n) (a h g) (o m s) (f t g) (a i e) (r b d) (k d d) (c t n) (m c c) (l o d) (n n s) (n d b) (l n c) (n h p) (t c n) (p d m) (l d p) (l q a) (p b q) (b o n) (o q s) (c d m) (q a t) (e t h) (d c o) (k l q) (n t b) (q e g) (g c p) (s j o) (l i n) (n h e) (r o h) (c q d) (n f f) (d j a) (q n r) (q m n) (d c m) (p a m) (c g s) (h e b) (q f h) (k o f) (m k m) (i t b) (h q q) (q n o) (b m c) (e f j) (o p k) (p n p) (o k a) (p g n) (f h g) (b f c) (i t b) (s k j) (h j h) (a f e) (o j l) (k b c) (c c r) (q h t) (q e j) (k s e) (d p h) (b k g) (f o k) (m h s) (c o q) (h m q) (g m i) (a e l) (q d k) (k q o) (n m h) (g b p) (t h h) (r p f) (h g p) (f f k) (j g k) (d c g) (k h g)
char 103 (n s a) (o m k) (j r f) (a a s) (h r m) (k l i) (k a d) (d n p) (t h q) (a i h) (d j t) (e h l) (t j f) (e r e) (p l d) (t j b) (q t n) (l j n) (l e s) (b n m) (d i h) (d a s) (b k i) (b e b) (f i c) (n n q) (q n b) (r b o) (k t s) (d b e) (g m e) (f f k) (i h r) (g t b) (o p i) (a f o) (e r p) (f n g) (e r q) (k m b) (n k c) (c m c) (d o m) (n o l) (j a b) (m a j) (p f r) (o j f) (q g i) (f s t) (i r b) (g q i) (j e f) (q l l) (g l a) (d m a) (p q q) (c l s) (o s j) (h m t) (a m k) (c s l) (l r b) (h a e) (m t g) (a i e) (g a g) (e n m) (l i h) (o r d) (m b s) (t g r) (i q g) (o a s) (p b l) (d c h) (m j r) (p k g) (p o k) (s b q) (j g c) (t h t) (d a f) (g c d) (a o m) (k b c) (r e h) (c m t) (f f n) (t h j) (r s g) (a s k) (d o p) (q i f) (a s k) (t o j) (c c t) (i l d) (q i c) (d b f) (n p p) (h c h) (e t p)
int 104 (4 80 42) (20 1 75) (42 74 56) (15 72 52) (68 54 8) (87 12 81) (63 6 76) (34 44 68) (97 71 92) (50 18 30) (19 92 13) (44 30 74) (4 58 19) (68 25 99) (29 83 48) (29 71 18) (38 76 67) (72 13 93) (24 20 75) (77 47 4) (76 26 83) (77 25 9) (13 42 78) (93 22 64) (11 52 5) (51 95 91) (74 91 48) (3 37 64) (44 70 55) (42 25 57) (70 84 38) (10 79 83) (44 37 3) (45 92 73) (3 92 73) (94 52 38) (87 72 76) (57 9 20) (59 10 76) (26 70 35) (88 38 23) (3 27 39) (4 43 35) (10 57 40) (84 22 27) (70 45 32) (84 79 46) (87 94 72) (20 15 84) (8 78 19) (85 76 12) (87 23 94) (96 40 2) (41 69 93) (1 30 70) (59 27 1) (87 99 66) (15 69 60) (44 82 39) (78 52 93) (11 15 49) (68 60 91) (88 15 84) (48 86 43) (49 78 40) (89 77 53) (77 22 62) (95 32 33) (3 91 41) (4 94 41) (42 34 73) (75 64 50) (7 69 61) (86 22 27) (64 42 55) (10 46 89) (69 43 87) (51 88 30) (94 99 50) (85 93 30) (46 74 38) (83 96 1) (69 36 73) (12 40 58) (79 73 66) (29 76 81) (16 5 53) (89 82 98) (6 37 14) (78 25 98) (5 88 54) (92 27 84) (58 6 27) (93 41 87) (31 99 57) (92 83 12) (25 64 37) (46 34 34) (64 32 48) (68 99 77) (18 81 16) (74 12 31) (8 91 53) (54 20 32)
char 107 (j h d) (c p g) (l e f) (e k l) (t b m) (j q n) (q c t) (b t n) (d d r) (l b g) (e j f) (k o l) (s b c) (g q r) (m r o) (r g j) (i r b) (b f g) (g f l) (k m e) (o m f) (c n a) (s g p) (t s h) (g m j) (f r i) (e h h) (c o k) (m o e) (e c m) (t k s) (o a g) (r p o) (d s e) (g e t) (r p n) (i l d) (q d a) (k s e) (t q h) (a n i) (g p h) (m k n) (o p s) (m r a) (d h s) (s c s) (m p k) (a e a) (o q e) (l j g) (k q d) (q p d) (n e m) (h c h) (b a s) (h i i) (c r d) (k t h) (t b r) (g r d) (b l g) (e n o) (c h m) (o t e) (l m f) (n k m) (e q c) (g q p) (b j c) (m d m) (h t e) (l s a) (m m r) (q h l) (l p h) (m h q) (b s i) (f k b) (h r n) (a s s) (t p p) (i b t) (c t i) (j p f) (c k h) (p i r) (o p a) (i c o) (t i f) (h o n) (d a c) (s c m) (p l j) (t q m) (a n n) (i j b) (c a l) (p m g) (l t g) (n t q) (k r c) (s d q) (o l h) (b s k) (d q f) (j b r)
