42 5 7 3 8 1 4
39 5 3 10 9 1 8
18 5 3 2 6 1 9
5 6 4 10 1 2 3 8
29 7 3 4 7 5 1 9 12
28 7 6 4 13 5 2 8 1
54 7 8 14 6 7 4 3 2
54 9 9 3 10 16 2 8 7 6 1
53 9 16 5 6 3 11 4 17 9 8
20 11 9 4 16 7 8 3 15 19 5 11 17
36 12 13 23 8 1 24 12 16 3 10 7 20 6
62 14 28 19 6 15 1 23 20 14 9 12 11 4 5 7
59 15 2 24 4 21 14 3 17 13 7 5 30 23 15 6 18
156 15 20 1 18 30 19 28 21 2 22 12 29 23 3 27 17
122 16 15 20 18 32 10 2 6 23 5 24 13 12 29 28 1 3
217 17 18 30 20 26 28 22 8 7 3 34 4 13 27 10 15 24 1
72 18 21 28 8 26 11 18 7 25 22 16 12 3 27 32 4 1 29 20
116 19 26 6 33 19 37 9 34 8 28 32 12 2 23 21 36 22 4 3 7
49 19 28 26 13 24 16 10 35 21 33 8 22 20 29 15 32 36 3 19 30
118 20 6 4 24 17 35 15 23 19 30 3 27 33 25 2 26 21 29 16 20 11
132 21 5 34 15 19 11 8 41 10 1 26 16 24 9 30 35 42 25 6 32 12 36
270 21 19 29 18 11 28 13 35 2 20 10 27 42 36 38 1 31 25 39 7 14 41
100 22 44 28 2 1 13 34 12 25 33 22 39 42 24 40 43 5 4 11 38 35 21 10
53 22 37 10 44 33 5 29 11 19 18 14 16 21 28 7 35 3 23 25 39 9 12 24
164 23 30 7 9 14 42 23 20 37 19 39 38 34 8 44 24 40 32 4 28 25 27 33 22
116 23 2 17 16 7 9 36 15 25 20 1 14 34 28 24 30 43 32 26 3 11 8 4 29
105 23 10 19 15 34 33 25 40 38 30 9 16 1 36 11 39 18 8 45 28 4 7 35 17
172 24 34 25 22 48 9 18 19 14 41 46 37 39 45 40 26 13 11 28 20 7 12 31 32 4
179 25 39 13 31 16 46 4 29 32 5 27 6 2 21 37 26 20 22 3 23 50 42 38 17 30 14
113 28 21 8 4 43 34 22 9 49 29 11 28 39 25 53 18 13 14 48 54 38 41 47 50 55 23 6 44 40
165 29 38 49 28 57 18 32 3 43 58 36 26 33 34 17 48 7 8 22 47 4 56 13 46 19 55 54 50 39 25
194 29 41 44 54 42 14 21 10 37 1 38 27 22 39 51 57 2 34 28 26 4 7 47 9 11 20 35 43 49 50
108 29 44 14 15 7 41 35 2 54 39 26 16 29 21 56 9 18 6 55 4 25 40 57 17 51 23 13 10 24 46
274 29 46 26 28 29 18 39 50 58 40 20 16 56 57 23 30 36 6 24 7 34 8 37 5 42 41 38 13 35 10
31 32 35 5 9 11 15 34 20 24 49 55 61 60 27 16 54 22 40 43 57 58 14 37 10 52 39 59 17 42 32 53 56 12
167 33 1 30 6 60 19 65 22 15 56 20 46 40 42 48 47 21 18 44 49 50 34 38 53 3 57 39 9 12 52 17 2 33 27
121 33 61 6 12 57 7 14 43 55 8 11 41 3 39 34 36 35 38 53 4 42 59 25 5 31 44 65 23 54 58 15 2 13 9
170 34 60 64 34 55 26 27 9 7 6 49 5 13 48 59 68 22 38 25 43 41 39 42 36 63 50 29 20 4 16 2 31 8 45 30
125 36 61 44 68 15 47 64 36 1 21 29 28 40 60 50 53 19 8 26 2 22 23 43 55 51 65 72 33 20 49 48 7 14 16 34 9 59
239 37 58 52 30 50 13 31 46 51 66 57 68 7 3 10 14 32 29 40 11 59 61 37 55 16 27 49 2 62 60 22 19 6 65 17 5 9 35
68 38 4 71 33 72 45 52 50 62 74 61 15 37 1 57 8 75 44 36 39 30 60 9 22 76 31 19 20 35 23 7 26 12 66 3 28 10 2 34
298 38 20 13 64 9 14 50 55 41 4 43 60 71 51 39 28 42 48 38 62 31 68 18 26 6 30 53 29 15 12 3 69 33 54 36 73 52 61 22
179 39 27 2 7 71 40 52 76 33 68 19 3 18 56 60 21 35 23 57 55 65 73 41 61 4 70 5 67 49 38 26 22 77 75 50 54 51 43 47 29
194 40 56 64 51 16 12 29 44 68 9 48 18 19 73 20 7 70 62 3 54 69 38 75 79 22 6 10 52 45 8 57 13 25 14 33 76 1 47 77 55 60
284 40 5 37 15 35 71 3 70 9 59 64 57 54 29 75 49 13 20 16 43 48 68 19 21 14 22 79 18 58 72 38 41 23 2 52 62 44 24 11 76 4
248 40 50 39 13 43 28 67 80 53 18 63 65 17 9 76 58 60 45 48 36 42 77 14 20 4 3 22 56 5 32 68 66 24 78 2 6 51 74 69 19 62
331 41 23 75 70 5 9 44 55 64 14 20 32 45 57 24 39 12 3 18 36 40 29 8 25 52 79 17 48 65 81 1 10 26 72 56 61 51 33 13 16 66 30
198 42 52 27 18 61 35 46 54 30 58 23 3 33 59 65 71 70 68 60 76 47 48 51 31 14 19 16 66 7 49 74 43 79 40 20 13 69 64 38 5 75 81 53
339 43 30 26 25 35 17 13 7 77 41 36 71 4 2 20 24 42 58 23 56 63 85 49 68 44 22 60 59 83 65 66 40 48 21 73 53 45 6 75 67 82 34 3 61
218 43 13 47 21 55 33 34 51 73 19 78 40 38 67 10 57 62 30 70 22 76 28 26 35 53 1 77 9 71 86 63 8 41 31 32 14 27 20 60 80 24 42 64 6
303 44 44 81 88 72 34 57 9 8 79 6 21 16 4 74 47 84 64 86 50 61 51 32 76 59 73 18 22 12 69 77 25 36 68 58 3 11 24 78 48 62 56 31 55 49
299 45 84 5 29 79 64 51 4 54 13 22 48 1 72 73 31 47 58 6 10 24 46 8 57 40 20 55 19 12 86 59 77 9 53 52 88 25 28 70 7 49 50 83 18 32 89
158 45 36 73 12 82 5 56 32 28 59 37 44 77 19 30 76 1 18 40 75 88 35 48 13 65 39 55 31 2 72 34 27 42 52 24 6 58 23 68 83 81 87 51 79 62 54
221 46 29 82 67 36 58 17 62 64 30 91 80 31 42 35 63 14 45 23 44 10 71 87 47 16 24 32 6 76 25 54 51 27 40 81 90 56 12 69 4 55 70 86 78 37 65 46
335 46 20 2 79 90 80 27 39 89 62 36 83 82 37 26 84 67 10 57 1 50 34 12 11 61 41 75 77 81 45 92 18 55 33 85 54 42 17 6 48 78 69 15 68 43 59 32
291 47 28 90 57 36 34 19 84 80 24 3 60 44 88 58 35 94 53 48 27 43 69 46 59 51 47 78 45 76 1 10 72 87 86 32 66 68 81 61 8 15 77 41 89 2 42 75 49
209 47 82 69 87 3 60 21 18 85 34 58 8 40 71 26 33 25 52 41 45 80 64 5 67 50 27 28 11 81 19 56 75 30 78 62 61 54 9 94 20 32 43 48 4 1 15 70 38
157 48 84 42 74 93 88 82 25 15 70 85 23 79 30 75 11 80 64 69 22 67 8 52 48 20 55 68 34 57 24 91 36 47 28 51 63 6 61 86 27 29 53 2 92 35 76 50 19 40
184 48 10 95 79 69 67 55 27 33 43 22 26 23 35 85 8 49 84 48 31 75 78 68 19 96 59 66 80 93 64 62 15 1 17 28 20 88 57 82 70 25 42 21 46 40 72 52 24 6
284 49 43 85 3 54 63 25 64 73 94 90 31 34 50 10 86 57 33 62 13 17 87 74 82 35 80 70 75 89 47 27 91 29 18 77 95 44 92 22 52 36 96 46 2 56 48 83 49 26 7
355 49 81 72 85 57 27 69 46 5 24 33 1 3 92 29 90 4 79 37 94 54 43 65 67 42 64 44 74 95 97 66 53 91 73 89 68 30 36 86 8 18 80 93 2 7 83 13 50 32 10
175 51 12 78 97 91 20 62 100 66 69 63 43 58 67 13 50 54 56 60 19 90 92 31 4 30 47 27 93 85 72 26 51 75 38 37 25 6 35 73 68 9 16 3 33 102 77 55 86 41 61 96 2
167 54 40 60 23 55 6 74 21 20 92 63 32 44 27 7 102 14 11 64 8 77 78 24 42 54 10 98 96 93 108 73 12 43 86 17 9 87 106 45 36 48 16 107 80 47 58 62 37 69 35 72 67 15 30 29
157 56 71 81 98 85 66 38 77 47 27 65 1 15 82 45 4 49 31 72 34 86 52 19 92 63 7 20 75 3 14 40 80 84 69 42 53 89 51 39 57 37 102 46 33 83 61 23 18 62 54 13 95 9 16 88 101 25
412 56 13 28 104 88 95 30 67 25 12 94 16 48 68 63 71 41 24 60 38 91 53 65 82 52 102 5 74 96 42 29 49 19 92 81 3 44 107 22 109 51 72 73 8 58 34 66 39 101 11 36 110 57 79 100 55 77
245 57 31 87 77 102 89 4 6 111 107 91 63 44 34 18 69 12 39 79 9 5 21 26 59 61 28 97 2 51 104 55 20 23 41 71 50 48 10 108 40 54 8 47 15 19 46 35 95 62 76 42 113 38 3 7 36 53 16
316 58 81 79 111 47 70 112 6 56 30 60 11 72 61 113 16 53 101 58 4 45 8 28 22 71 73 110 86 14 66 31 83 94 100 89 98 107 85 44 84 12 69 1 102 55 43 59 3 51 10 96 25 99 103 80 75 82 76 2
346 58 6 1 65 80 89 102 16 88 14 78 96 99 93 28 2 85 18 15 27 58 72 106 56 81 42 91 115 61 46 101 5 39 90 110 50 113 12 67 9 77 21 59 94 13 43 64 105 74 112 38 68 95 10 47 55 87 57 45
463 60 41 30 107 22 74 4 21 96 28 35 106 31 1 113 23 114 11 14 60 24 110 108 18 73 79 45 80 109 47 48 19 61 87 90 111 103 8 55 70 82 57 3 117 116 53 67 32 58 91 34 88 64 33 9 10 89 77 62 25 94
510 60 103 39 15 30 109 8 84 100 89 113 66 56 111 12 53 105 83 120 40 80 28 118 73 33 19 52 119 36 63 43 18 101 91 34 60 49 114 2 88 92 32 96 46 54 74 27 82 102 67 23 25 58 72 42 112 71 22 9 99 44
521 62 86 92 50 38 52 10 25 3 57 124 115 2 87 93 13 90 35 64 101 18 119 33 39 44 80 23 66 53 118 73 42 21 26 114 113 16 27 37 1 72 111 95 15 75 61 105 19 110 20 98 63 45 46 100 122 94 78 30 85 54 4 108
212 62 76 38 30 72 26 21 80 101 1 64 67 29 77 63 43 81 88 13 86 124 42 32 100 56 60 119 28 37 33 123 39 70 31 20 18 105 120 35 109 22 117 94 98 24 99 96 116 52 85 53 62 90 106 41 87 73 15 104 114 112 75 89
303 64 109 68 16 17 93 81 34 98 41 21 66 38 79 110 35 58 122 70 31 90 59 57 24 2 47 60 120 19 100 67 65 51 128 121 96 5 72 54 105 20 103 126 82 119 28 32 42 39 113 114 55 26 18 127 74 7 95 30 78 83 91 6 33 12
210 64 115 48 53 30 78 77 76 63 7 58 99 119 17 90 105 44 88 108 98 66 41 13 43 38 60 61 19 69 24 73 86 101 122 3 20 47 29 113 46 49 110 34 22 116 81 72 59 75 36 70 31 15 106 104 32 21 128 56 92 95 118 68 52 65
457 68 29 36 14 62 9 30 27 3 107 20 131 65 73 101 117 17 80 1 105 57 40 86 72 121 24 109 34 49 41 82 25 104 28 103 95 5 134 70 114 22 81 85 111 52 31 84 59 16 106 99 43 69 119 71 78 68 4 58 132 98 79 23 108 126 77 93 21 6
603 70 52 80 6 19 135 121 105 32 60 65 42 54 129 125 46 134 92 139 95 69 91 28 122 11 5 23 71 44 87 112 26 104 20 86 35 49 130 51 29 68 138 9 85 76 83 98 115 27 3 132 4 124 100 82 15 89 96 18 78 140 34 75 48 88 47 33 70 74 123 14
413 70 14 126 120 72 99 64 104 109 73 54 106 39 17 124 13 52 77 98 111 87 59 1 12 113 114 96 27 139 91 74 89 105 130 18 82 57 11 61 76 33 37 7 47 129 93 42 25 46 132 10 8 118 140 19 49 80 65 60 23 79 43 92 32 40 28 127 83 90 110 107
413 71 127 115 96 93 73 142 116 3 78 30 35 104 61 109 8 21 141 6 56 136 77 133 120 88 125 131 97 103 23 117 31 140 68 54 27 36 76 90 11 135 65 113 111 46 44 110 50 83 13 62 7 37 121 16 106 137 126 18 47 10 49 75 69 122 89 98 55 81 64 128 70
251 73 14 114 104 67 58 50 59 79 69 2 32 9 134 87 12 5 35 3 97 24 130 142 66 29 122 141 80 62 78 13 103 123 26 105 127 10 44 112 64 91 37 110 73 19 61 119 6 115 65 89 139 99 72 143 47 21 39 98 23 117 63 45 8 16 81 140 1 52 55 86 57 17 25
507 74 58 132 143 34 120 14 129 79 144 147 61 99 90 7 18 27 19 86 126 57 123 55 145 29 53 44 54 116 16 12 134 45 121 62 64 66 25 36 15 77 138 2 20 21 52 1 26 127 140 102 24 85 48 68 130 76 17 95 71 141 28 40 43 72 42 49 97 35 74 112 109 78 93 4
386 77 84 78 97 51 120 6 53 130 118 40 67 110 31 15 128 147 41 86 18 71 132 99 45 79 74 38 60 92 9 119 32 83 80 73 62 145 26 152 48 47 52 93 134 2 12 21 129 91 33 59 105 3 148 35 109 17 136 89 98 82 42 43 50 55 14 69 87 19 137 117 131 49 68 125 103 81 11
576 77 105 127 154 77 11 88 14 41 130 3 79 20 47 98 114 32 115 49 84 74 89 117 143 66 7 31 62 119 35 120 150 24 116 2 111 56 134 136 145 60 80 33 125 25 63 71 110 64 37 90 27 68 52 69 18 57 109 54 122 30 4 152 108 128 19 102 92 95 97 50 29 72 100 96 124 40 70
506 78 118 150 108 9 88 45 94 149 90 146 135 19 23 102 134 71 85 15 92 64 35 139 124 111 58 21 51 3 30 7 44 59 122 68 142 55 93 31 38 25 53 136 144 66 133 100 5 39 4 107 153 24 96 69 156 16 49 143 127 95 138 117 74 115 147 128 120 131 84 116 137 129 104 82 18 54 2 56
521 79 111 1 146 142 14 106 158 98 138 10 26 86 101 60 100 152 151 89 85 61 65 95 137 27 63 96 135 34 47 3 17 44 103 104 11 124 29 52 33 139 71 15 148 20 94 144 84 97 92 74 69 2 21 57 125 79 4 24 73 31 77 130 140 66 99 136 93 64 35 119 149 25 67 81 32 28 37 83 48
182 81 121 43 102 35 23 145 53 146 40 135 152 80 78 25 142 136 34 72 22 87 60 109 151 116 65 54 15 133 67 132 115 117 114 148 83 49 7 39 17 159 127 119 63 45 86 79 52 19 150 158 90 111 59 58 47 120 30 48 130 131 110 11 4 12 16 14 94 57 75 96 21 140 100 42 27 147 138 89 61 157 112
234 83 89 29 137 40 126 52 86 149 139 154 84 39 111 83 43 78 31 110 51 77 74 129 53 146 130 123 17 14 156 15 113 96 71 5 98 59 54 42 55 147 135 97 119 150 124 73 50 141 164 105 87 120 158 32 70 28 3 34 46 166 165 18 80 13 142 27 45 75 60 56 118 106 8 117 99 57 134 11 49 144 23 12 159
268 87 160 52 53 26 103 152 33 168 39 79 149 157 28 58 72 68 146 138 29 159 67 64 70 80 38 20 85 113 23 123 114 115 46 41 108 116 56 89 60 136 7 131 121 127 11 69 43 9 165 166 118 31 86 3 10 47 65 106 30 139 87 66 135 120 91 32 174 24 101 81 27 100 155 137 21 99 51 73 49 14 134 124 110 164 88 143 125
660 89 85 168 82 54 55 111 122 23 52 169 80 139 59 98 2 86 150 43 20 131 109 53 170 60 68 155 70 115 135 156 7 94 63 64 77 44 99 161 38 58 151 106 13 105 14 74 144 178 4 24 5 41 35 133 66 51 141 39 84 40 126 79 95 173 157 33 147 46 176 146 47 116 120 90 154 1 93 91 125 72 15 65 171 17 73 42 127 89 162
279 89 18 43 58 167 34 146 3 132 142 148 15 161 29 27 168 152 57 84 104 135 102 26 130 120 45 150 80 126 174 42 71 20 37 166 52 16 22 49 73 118 171 111 55 7 41 134 99 56 105 60 35 61 113 17 94 54 123 8 96 127 63 172 24 72 64 143 2 31 88 112 93 1 6 131 147 53 10 109 128 145 32 13 65 5 139 151 169 137 86
298 90 152 134 47 124 8 112 11 100 61 44 163 141 154 168 108 119 118 83 116 62 149 109 10 156 12 106 122 5 137 114 95 93 158 55 173 72 49 9 165 38 31 60 105 111 54 7 59 178 160 104 94 77 33 110 16 127 88 3 133 67 15 167 21 148 75 58 170 46 131 64 13 14 50 30 125 56 36 121 25 146 42 51 40 87 53 70 69 128 84 45
607 91 71 175 45 144 99 98 30 38 72 104 80 32 15 53 112 12 163 125 52 8 169 128 155 118 95 129 147 174 134 5 180 44 90 9 14 82 105 131 28 133 83 43 31 113 6 69 108 116 142 156 33 170 121 36 22 16 115 54 49 18 139 97 127 159 92 110 11 68 19 35 103 63 29 51 176 23 81 172 143 13 62 165 78 65 39 67 182 114 25 94 132
780 93 8 119 73 98 180 74 109 145 116 80 132 142 46 34 54 77 58 182 133 123 66 159 160 13 144 154 5 170 121 168 2 150 95 120 33 65 153 138 82 60 106 88 79 17 62 99 16 143 124 57 171 181 100 127 136 129 18 41 135 183 22 32 97 63 184 72 134 26 166 45 125 178 140 83 56 36 112 81 51 158 31 155 167 96 70 47 85 90 186 110 40 91 101
832 97 90 73 82 187 171 125 67 95 47 192 8 121 77 149 39 20 130 186 74 182 76 54 22 150 104 159 40 184 115 33 49 87 68 126 61 111 161 100 140 194 75 143 41 113 9 98 45 148 177 78 17 69 135 63 5 155 110 80 79 102 103 139 29 46 53 93 119 189 153 116 156 129 14 31 70 180 138 62 42 48 55 176 81 117 141 147 15 56 21 11 114 35 168 96 12 60 175
487 97 119 77 139 50 102 2 74 100 66 155 27 180 132 3 90 93 188 63 87 5 71 79 8 187 20 118 114 134 34 172 36 9 175 30 173 154 59 159 85 49 21 136 16 110 18 51 86 152 125 41 24 56 150 143 151 181 177 166 44 96 149 97 130 101 184 26 55 75 57 48 47 145 144 113 174 19 158 169 64 176 76 179 89 33 164 168 178 165 80 1 133 32 81 156 127 91 37
538 97 49 23 108 73 122 112 57 194 176 166 60 71 89 154 74 142 22 91 137 87 76 18 99 41 107 13 26 100 126 124 193 19 139 92 117 173 4 36 82 114 90 33 31 116 68 133 132 55 88 180 47 28 32 155 42 44 118 34 53 187 93 135 64 67 151 129 20 81 6 191 39 152 84 77 159 174 25 14 27 121 101 104 29 59 12 98 186 10 179 181 85 61 164 9 56 35 147
517 98 101 43 78 159 194 98 191 74 26 50 162 85 100 3 65 4 37 9 47 103 52 70 90 153 137 20 110 58 36 109 41 40 13 144 88 35 81 184 8 75 141 133 146 172 45 175 63 123 55 132 49 24 53 158 135 129 138 116 68 170 32 134 112 38 102 16 59 87 107 164 161 77 131 15 99 105 91 114 21 113 48 139 121 42 195 97 185 119 92 28 73 165 126 80 188 154 181 196
293 99 2 142 157 154 66 110 189 184 175 12 164 127 97 3 34 166 40 4 58 16 194 87 25 135 96 115 83 117 64 116 54 79 191 84 23 144 51 47 121 95 31 156 152 179 65 169 77 80 134 171 57 181 82 69 39 5 148 32 190 153 11 98 104 26 30 120 129 130 29 52 21 88 71 113 160 48 170 43 151 183 177 46 49 196 101 155 63 137 165 75 22 125 180 73 41 67 18 93 114
402 103 58 29 93 155 130 128 177 121 21 66 137 148 5 100 150 94 206 87 183 149 135 53 165 181 173 95 8 61 37 169 144 28 153 194 35 159 146 109 85 98 4 88 168 70 81 56 163 125 11 187 92 205 101 184 154 119 196 57 127 122 75 44 76 36 31 99 14 71 129 83 120 9 182 170 90 102 140 49 172 1 152 123 6 48 166 106 115 54 20 10 167 47 67 25 201 23 96 131 65 185 126 12 110
506 104 61 166 6 69 52 70 33 111 163 7 124 25 133 115 79 27 107 17 22 170 40 104 192 21 73 191 156 112 123 26 165 168 195 201 169 42 103 55 92 182 19 194 100 151 74 14 146 147 57 199 177 3 89 186 20 86 197 121 138 50 87 145 193 88 24 95 110 180 148 137 16 189 122 205 98 82 135 66 178 206 81 185 78 5 99 65 93 1 153 198 154 126 101 161 171 23 72 90 77 29 94 46 181 13
581 104 150 100 12 24 81 140 107 71 138 129 95 23 2 206 154 200 35 141 195 14 190 151 103 25 11 167 188 166 208 192 109 32 170 47 137 155 41 194 186 30 27 183 31 174 42 7 86 181 68 77 198 159 39 130 18 168 189 49 58 187 90 117 26 197 185 51 119 163 57 63 66 36 13 116 165 105 115 101 60 4 156 92 143 17 75 74 59 205 67 114 28 144 48 108 33 102 96 22 91 53 118 89 184 124
