int 10 30 93 41 52 86 18 93 53 56 56
int 11 88 46 48 21 27 46 74 97 30 17 44
bool 12 1 0 1 0 1 0 0 0 0 0 0 1
char 12 s p n r q s g r l s o t
bool 13 0 1 1 0 0 1 1 1 1 0 1 1 1
char 14 b t q h i t h p p m e j e o
bool 14 1 1 1 0 1 1 1 1 1 0 0 1 0 1
bool 15 1 1 1 0 1 1 0 0 0 1 0 0 1 0 1
double 15 4.19 7.27 0.53 1.28 7.54 3.97 2.7 9.36 5.53 9.13 5.46 0.37 2.46 7.54 1.44
bool 16 0 1 1 0 0 1 0 1 1 1 1 1 1 1 0 0
bool 16 1 1 0 1 0 0 0 0 1 1 0 0 1 0 1 0
char 18 i a k s m f i a d m d d m b j b g n
int 18 11 25 80 20 20 17 87 98 57 47 48 56 12 65 12 55 7 26
double 18 0.06 4.76 8.08 0.02 8.5 9.15 5.75 4.53 9.22 9.29 3.03 4.09 8.92 0.78 7.26 1.23 9.82 1.71
char 18 i k o k s f f t p h h d r g o d p e
double 20 8.12 6.62 3.35 5.79 6.68 1.89 9.8 2.67 1.86 6.8 1.02 5.1 4.73 9.5 8.13 6.75 1.1 7.5 5.7 3.59
int 21 32 41 66 32 24 63 71 6 78 31 9 90 95 11 76 6 93 30 79 2 85
int 22 81 22 90 43 82 82 46 57 42 48 55 59 1 16 22 50 26 37 84 27 43 39
double 23 8.06 3.49 4.16 7.86 3.19 3.68 1.35 2.18 9.31 4.45 0.29 3.85 8.27 9.44 4.94 4.23 9.08 9.19 0.7 2.48 9.29 4.75 1.68
char 24 b s p t d d b s c h m l b p r j h l g a q m b t
double 28 3.27 4.32 7.78 3.31 0.76 7.97 5.49 9.61 4.96 9.97 3.52 4.17 4.46 0.69 3.85 8.48 7.69 8.75 0.15 9.91 8.38 1.9 7.75 7.11 2.72 2.77 7.76 8.82
bool 29 0 1 1 1 1 1 1 0 1 1 1 1 1 0 0 0 1 1 1 0 0 0 1 0 1 1 0 0 0
int 29 73 73 48 34 51 93 92 74 68 41 21 78 76 82 38 98 35 41 12 44 74 24 95 73 69 52 42 41 88
char 31 b e a q k c e b t m b k d j o t i f f c l s h c p b c q n k a
bool 31 0 0 1 1 0 1 1 1 1 1 0 1 0 0 1 1 0 1 1 1 0 1 0 0 1 0 0 1 1 0 1
int 32 39 12 15 83 92 44 68 31 77 20 53 7 73 64 55 47 51 95 1 46 89 40 75 91 57 38 15 94 93 68 49 54
char 32 n d c b r l m e p l n t r t t j a p p n o f c i b h h d e k s k
int 36 2 98 29 75 92 91 87 60 57 61 49 59 44 2 29 34 56 53 84 47 68 45 26 25 16 91 95 46 36 4 62 29 80 94 16 32
bool 37 0 1 0 1 1 1 1 1 0 0 1 0 0 1 0 0 1 1 1 1 1 1 1 0 0 0 0 0 0 1 0 1 1 1 1 0 1
char 37 m o n n c n t k e n h s o k h s j p q p c e j f o f b h q d n o j f o j h
bool 38 0 1 0 0 1 0 1 1 0 1 1 0 1 1 0 0 1 1 0 0 0 0 1 0 1 0 1 0 1 0 1 1 1 0 1 1 1 1
char 39 a h d a k f e o g g m g g e t q j h g h q q q q t q i d t k f s s r m n e r f
bool 39 0 1 0 1 0 0 0 0 1 0 0 0 1 1 1 0 0 0 0 0 1 0 0 0 1 1 1 1 1 1 1 1 0 0 1 1 0 1 0
int 39 15 65 82 15 46 4 89 4 60 69 42 82 59 88 14 92 6 9 21 51 67 94 33 69 30 96 87 66 39 75 17 9 30 37 21 52 64 92 12
double 40 8.88 8.87 1.74 3.92 6.77 4.83 3.02 2.68 0.56 6.21 7.4 3.88 9.68 4.83 3.27 9.29 5.1 9.02 8.85 6.1 8.81 7.83 2.35 0.41 7.05 2.33 8.64 1.28 7.49 0.52 3.9 4.16 5.62 2.82 0.3 7.97 9.14 8.11 6.1 3.46
int 40 29 8 43 94 91 73 57 24 72 80 22 47 47 22 18 29 99 57 11 49 37 88 43 83 30 57 61 61 38 77 17 90 60 62 18 4 87 11 65 36
char 41 s d m e b b q r l p e c d b h o n k j f b f e d b e e a k g j b i m s f d r l m f
int 42 24 95 92 26 51 74 1 51 6 82 59 48 81 76 53 32 78 8 26 26 95 64 74 29 78 2 82 19 49 68 38 45 85 11 10 84 35 63 48 79 80 26
double 42 7.31 9.91 0.39 7.62 5.39 5.95 4.18 8.19 0.55 8.18 4.82 9.9 1.96 5.2 6.11 2.52 9.39 3.03 2.66 0.85 1.08 5.61 0.52 9.43 0.69 8.12 9.54 5.41 9.7 6.64 8.04 5.43 4.37 4.29 0.24 9.68 9.41 4.69 5.61 1.06 5.67 9.85
bool 43 0 1 1 0 1 0 0 1 0 1 0 1 1 0 0 1 1 0 1 0 1 1 1 1 1 0 0 1 1 1 0 0 1 0 1 0 0 0 0 1 0 1 0
bool 43 1 1 0 1 1 1 0 1 0 0 0 1 1 0 0 1 0 0 1 0 1 0 0 0 0 0 1 1 0 0 0 0 0 0 1 0 0 0 0 0 1 1 1
double 43 0.65 2.75 0.93 7.68 0.27 3.1 2.44 2.8 2.17 4.51 4.99 8.78 1.17 6.77 5.27 1.18 0.15 4.24 0.59 0.57 9.54 2.74 2.32 5.09 1.62 1.84 7.34 2.22 3.09 8.48 2.05 1.51 2.27 5.26 4.77 8.34 1.93 4.59 8.93 9.35 5.82 5.88 0.83
char 44 f a r b j l g r c m b g m b k e g k t g d m s g f q q k t e s n e k f k r m o n n n r i
int 46 85 29 77 56 48 34 44 38 22 63 14 33 40 87 83 18 17 69 35 13 81 18 52 34 33 32 73 34 56 96 75 18 20 86 93 74 58 30 67 16 94 29 99 56 82 52
bool 47 1 0 1 1 0 1 1 0 0 0 1 1 0 1 0 1 0 0 0 0 1 0 1 1 1 1 0 1 0 0 1 1 1 0 0 1 0 1 1 1 0 1 0 1 1 0 1
char 47 d l t j j o h a b r t g l b m r q l l c s m t j l q t n m k i r k r p c h h c t g k c g t g n
char 48 g l m l d h c d t b r e k r g b c f t a i e d j h g p n b g g j l r l b b m p l r r a q a s b t
char 48 o h o q e b d o c g k b f d t n n o g c f k a m b i o k e k b m f k k q l d e g r s m f o t q g
double 49 3.66 1.35 0.63 1.91 3.29 3.55 3.51 3.23 0.96 0.65 1.29 4.83 2.04 7.25 2.38 4.7 7.48 7.59 3.13 0.85 4.8 9.8 4.53 1.72 3.73 2.27 8.4 1.02 1.3 9.74 2 9.8 3.57 8.79 7.64 9.13 1.57 9.17 4.46 0.65 2.08 8.96 3.6 3.49 3.24 6.29 3.36 0.76 4.86
int 49 57 34 12 25 8 2 48 41 95 51 18 91 80 70 36 89 69 88 60 61 47 50 95 56 41 93 21 69 89 97 4 80 54 71 87 53 5 80 85 43 96 47 7 71 26 3 91 59 31
int 49 96 43 74 15 19 45 55 19 73 48 75 69 72 47 39 84 4 46 92 51 23 74 16 20 5 29 39 95 5 24 84 1 65 7 84 92 25 70 27 77 52 32 34 27 40 47 36 53 23
char 50 q k g k e p m d t l c c m t i i s q b h g e h a l p j a l b h a p g o i h h n q m p h b t r g e b d
char 50 q f o j i i g r m e b q s q i d t m t h i j m f t o k j o n n e r k h k m q e o b q k a c c c e f d
bool 51 1 1 1 0 0 0 0 1 1 1 0 1 0 1 1 1 1 0 0 1 1 0 0 1 0 0 0 0 1 1 0 0 0 0 1 0 0 0 0 1 1 1 0 1 0 0 1 0 1 0 0
int 54 21 11 6 88 16 83 80 1 5 72 80 86 36 24 6 75 56 71 42 81 12 46 67 52 50 80 68 99 33 20 27 18 37 47 60 80 36 15 67 64 3 53 48 68 86 50 13 34 12 47 13 70 38 35
int 55 58 92 9 77 25 58 96 65 71 72 66 76 83 28 2 45 13 71 94 90 93 85 36 46 51 95 60 15 86 65 41 22 33 71 59 93 50 74 3 9 23 79 48 47 92 70 61 51 95 58 33 89 85 47 36
double 56 1.31 1.7 1.26 2.88 7.73 6.17 1 1.33 8.28 9.21 6.56 7.16 9.85 3.58 2.08 5.59 8.16 0.92 8.19 4.24 1.84 1.9 6.02 9.21 1.01 9.91 7.51 9.58 2.68 9.8 5.09 0.25 0.72 5.88 4.49 8.52 4.28 2.93 8.61 9.7 1.87 1.97 4.6 4.11 0.21 5 8.69 3.83 4.45 2.89 7 3.98 1.48 3.84 7.79 5.71
double 57 3.93 3.73 3.52 5.8 5.73 9.14 0.32 6.22 8.32 4.19 7.06 8.3 9.08 3.69 8.82 4.37 4.06 1.45 5.1 1.51 2.29 1.16 4.24 7.27 6.18 4.46 0.65 7.76 6.73 8.97 7.06 4.12 9.75 2.65 1.43 7.79 9.82 4.08 2.62 0.18 7.73 4.8 4.1 4.26 9.56 4.72 4.37 0.12 8.22 9.02 4.91 2.47 8.97 8.79 5.45 5.17 0.84
char 58 i g f d l j n t p q p i j s o d o b f j s n o c a s b k q i r t l i l b r k c i p o i e s o t i f n i r p l k e g q
bool 58 0 0 0 0 0 0 0 1 1 1 0 0 0 0 0 0 0 1 0 0 0 1 0 1 1 1 1 0 1 0 0 0 1 1 0 0 0 0 0 1 0 1 0 0 1 1 1 1 0 0 1 1 1 1 0 1 1 1
int 59 38 34 68 9 78 84 30 68 7 70 96 88 30 84 33 9 22 46 40 2 43 27 68 62 36 92 5 31 52 86 16 16 66 93 77 99 41 22 43 56 45 2 41 25 23 90 81 66 62 10 67 11 25 95 77 45 81 2 70
int 60 7 78 2 3 3 55 74 53 66 16 49 14 54 81 33 7 81 89 77 67 83 89 69 74 56 83 62 2 97 26 90 86 50 44 20 64 24 76 19 63 93 93 28 19 75 79 81 76 28 16 33 45 19 37 94 57 64 45 59 8
int 62 76 80 72 59 91 68 79 81 52 35 69 85 57 37 81 63 40 6 34 19 98 49 39 23 51 17 50 78 74 20 29 45 61 37 57 47 44 71 63 99 19 86 24 56 46 20 37 58 42 55 48 84 85 58 61 52 11 85 92 21 51 33
int 62 70 81 66 24 25 95 10 8 93 51 70 84 37 27 14 2 12 21 33 76 27 56 87 67 35 8 97 75 68 2 5 88 23 30 80 52 19 78 50 27 74 92 76 57 54 66 92 78 71 31 91 37 90 86 33 20 77 11 66 19 79 28
bool 63 1 1 1 1 1 1 1 0 0 0 1 0 0 1 1 0 0 0 1 1 0 1 0 0 0 0 1 0 0 1 1 1 0 0 1 1 1 1 0 1 0 1 0 0 1 1 0 1 0 0 1 1 0 0 1 1 1 1 0 0 1 1 1
char 65 i p t n m f s r d d i c l o p j a n t j j r f j h a o b b n s c d n e l f d a n q d f p s j s i e q m r s d t g h i s g o c g t j
int 67 7 56 19 38 64 54 78 36 82 34 84 15 9 37 75 1 87 8 20 34 37 74 31 58 42 21 53 86 82 85 14 19 75 11 91 38 26 8 41 72 3 59 25 59 77 98 96 77 88 25 73 29 16 48 47 52 20 41 62 71 1 96 99 83 23 96 59
char 67 p k i a p f i d b o e p g m l s e c f j t o g q k i f o s a g h a d m k s m g e l g n i h j d h a t f f p l c c p n s q d b p f g k g
int 69 31 94 81 7 62 67 83 34 7 9 4 18 28 25 86 64 99 13 93 64 44 6 53 69 99 14 50 25 42 76 34 12 49 53 7 90 12 99 38 42 86 57 75 36 5 63 98 21 2 59 80 50 94 17 4 59 8 44 63 31 60 81 81 12 35 74 81 36 7
int 70 20 11 77 52 25 55 66 53 70 24 32 55 91 82 54 89 71 32 80 78 45 84 98 76 81 33 9 95 3 78 84 69 79 51 98 95 2 39 90 8 20 77 19 45 76 63 9 12 3 42 7 75 4 72 97 34 71 70 63 43 64 9 71 12 91 40 14 28 62 17
int 71 31 50 20 29 47 6 16 68 6 58 59 46 89 48 92 19 88 71 4 49 84 81 32 98 76 35 24 64 27 92 33 50 35 13 42 88 93 59 64 49 9 10 48 23 4 44 66 98 24 51 40 41 56 64 19 82 20 87 35 95 13 4 61 20 70 73 8 86 33 23 9
char 71 k f s c r k n b c j c l g m e g t h a c l k i o o j g e a h n h t m h o r f t j l d o h n q a l e i n s b f m m d a o j n s o f t a s p b t j
double 75 2.91 2.34 1.83 5.67 9.88 5.03 2.35 8.85 4.98 4.71 2.85 6.74 7.72 2.8 4.49 3.62 2.16 8.17 5.66 5.66 3.6 6.28 9.16 5.49 2.92 8.96 7.45 6.53 2.22 7.36 1.38 7.95 0.27 1.54 8.02 9.48 5.26 9.81 9.16 9.81 8.07 0.88 9.44 1.9 0.18 5.29 8.99 8.98 4.4 4.46 0.97 8.9 5.77 9.84 2.22 0.6 8.53 1.38 2.09 0.21 9.7 9.24 8.71 6.05 5.5 0.74 5.49 2.28 7.4 5.77 3.38 9.63 1.66 6.23 1.89
double 77 4.35 5.7 3.08 8.05 4.37 3.17 0.18 9.47 9.51 8.55 7.59 8.48 2.82 3.75 5.75 3.32 3.98 6.34 3.45 5.78 2.4 6.58 5.41 7.11 5.57 3.98 8.17 8.4 3.64 0.52 8.75 2.97 1.4 9.91 0.72 9.34 3.05 1.09 5.57 6.06 7.05 2.05 5.06 6.68 1.9 5.53 3.63 3.73 3.67 4.29 0.14 5.09 9.54 1.9 6.64 6.26 7.49 6.1 2.65 0.02 9.9 3.76 6.71 0.47 1.34 0.2 5.48 4.48 1.44 5.24 6.54 5.59 4.76 2.7 9.12 6.96 4.07
char 77 l a n b l m d n d j s r r a g h n b i h t t m c e t q s s i t r a o q a o p h t a h o h h e q f a g r h s n o r d s o k c c r i j a g s e b f n d g b t t
char 79 d k g c n p t t c p o n o q q k b r f a r k j s i g q m j r s t o l i e f h t a d h i e r r p c n n l q d m j f l a g t j h i b a a j c n b p i b f g l f s a
bool 81 0 0 1 0 0 1 1 0 1 1 0 1 0 1 0 1 0 1 1 0 1 1 0 0 0 0 1 0 0 0 0 1 0 1 1 1 1 1 1 0 0 0 0 0 1 0 0 1 1 1 0 1 1 1 1 1 0 0 1 1 0 1 1 0 0 1 0 0 0 1 0 0 0 1 0 1 1 1 0 0 0
char 82 a e e d n g g b n h h i f n k n o p h t s c a e r j t b r k e d d r h r i q f s k d o m d q l j s j i b l m q t c s n n m b f e g r s d s n p t k f r i q s h o t s
char 83 q h d k b h c k t n o l g t p j t j i c h j s e k m o s k m j s h q q r r r d q n i r k d j p t i t f p q k n m o g c q b s o f l j k n f i l h h j h s n j o a g o p
int 83 90 45 14 74 93 77 76 8 64 16 56 13 7 15 67 55 42 60 48 69 82 78 37 4 25 20 12 70 17 65 77 72 96 88 91 87 70 21 3 21 8 62 13 23 32 61 84 12 86 86 3 3 3 70 16 51 97 5 56 82 78 33 64 4 39 14 29 40 96 44 21 17 60 94 72 53 13 82 25 92 94 78 65
int 84 80 7 56 3 89 66 61 57 20 40 4 9 4 86 84 76 95 16 46 73 36 43 52 77 42 61 61 5 34 39 56 16 47 31 86 70 96 18 28 67 95 64 30 43 4 65 71 12 21 27 60 64 34 31 27 88 39 47 53 45 95 97 77 99 98 72 63 94 58 26 52 90 18 61 66 23 52 84 93 43 18 31 60 71
int 85 79 58 99 30 99 2 7 77 5 21 28 6 77 43 39 37 60 4 63 3 98 61 84 34 74 23 58 7 93 61 56 64 15 37 53 75 12 18 90 60 69 34 84 91 52 37 54 89 82 83 43 88 26 33 71 31 14 78 55 22 75 15 35 81 31 63 55 43 98 22 34 86 67 7 38 37 52 76 77 10 13 76 5 3 21
int 85 79 17 33 34 80 10 52 29 93 68 89 19 48 44 38 6 98 22 8 52 69 47 90 36 54 13 85 76 71 41 53 28 59 65 2 67 76 36 16 31 63 57 89 15 49 62 62 29 2 87 97 69 16 55 25 24 1 61 90 24 15 54 91 38 66 41 95 81 21 34 18 4 65 7 52 98 45 29 44 98 44 72 78 72 28
double 85 2.57 0.65 0.97 8.84 0.27 4.45 9.8 1.61 2.52 7.16 1.26 2.5 8.08 6.82 1.39 7.03 3.89 1.57 4.33 7.85 8.84 1.42 7.68 6.48 1.18 0.52 9.88 4.33 3.09 5.77 0.93 7.55 3.78 3.57 6.14 1.34 1.88 9.57 8.16 4.92 4.07 3.01 5.7 1.79 2.95 8.56 7.71 6.46 8.54 2.09 9.04 3.77 4.92 8.74 0.98 9.61 0.02 0.94 5.44 1.33 9.13 6.73 1.68 1.81 4.18 6.12 5.54 7.33 0.19 0.08 0.95 1.18 7.9 0.9 5.56 7.45 1.53 7.77 5.63 7.97 8.34 7.08 9.05 9.36 7.18
double 87 8.13 8.45 5.72 2.95 1.4 1.34 5.07 7.47 8.42 8.71 2.21 7.84 9.58 5.83 9.82 8.65 8.24 1.39 6.02 8.73 0.55 3.61 6.34 1.9 8.53 8.55 6.86 1.34 9.27 9.47 2.45 7.47 3.36 2.64 0.54 1.4 7.65 8.36 8.44 8.28 6.73 0.57 4.7 9.83 0.23 3.18 3.4 7.98 8.15 9.7 7.25 3.07 2.01 6.86 9.25 9.95 6.13 1.83 1.62 8.62 5.51 6.73 0.7 7.53 0.73 8.96 1.56 9.02 1.09 8.13 3.32 4.26 9.13 3.95 9.96 1.75 7.68 4.04 3.49 5.12 9.6 5.67 8.67 7.08 7.9 9.57 6.32
double 88 1.28 5.88 1.9 1.37 0.54 3.65 3.84 9.64 1.83 9.27 7.89 4.69 0.45 7.43 9.42 9.84 4.29 3.86 0.52 2.66 7.06 6.39 7.49 6.24 5.91 1.71 1.73 9.94 5.9 1.35 9.72 7.42 1.29 4.77 6.15 6.98 6.37 4.09 2.65 5.63 6.94 3.95 4.89 4.85 0.9 3.98 1.62 9.75 9.75 5.74 2.11 8.26 7.64 7.45 6.58 9.51 0.69 4.53 7.25 7.82 7.37 3.64 8.34 4.84 4.57 2.06 2.58 1.67 4.05 5.34 1.86 0.31 9.68 4.46 6.27 8.11 7.23 0.46 6.03 7.9 4.32 8.02 7.9 7.02 8.24 5.71 3.8 9.52
bool 91 1 0 0 1 0 1 0 0 0 1 1 1 0 1 0 0 0 1 1 1 1 1 0 0 1 1 0 1 0 1 1 1 1 1 1 1 0 1 0 0 1 0 0 0 0 1 0 1 1 1 1 1 1 0 1 1 0 0 1 1 1 0 0 1 0 0 0 1 0 1 1 1 0 1 0 0 0 0 0 1 0 0 0 0 0 1 0 1 1 1 0
double 93 7.96 6.85 5.44 8.84 6.38 3.68 3.53 5.64 3.5 0.61 5.76 1.58 1.12 0.59 4.95 2.34 1.35 3.55 6.89 4.37 7.12 4.24 9.07 4.75 4.46 2.57 2.92 6.55 8.48 2.61 2.62 7.12 6.92 1.21 1.97 5.21 5.02 3.46 8.39 0.76 0.13 0.63 2.13 4.49 7.8 7.21 9.32 9.3 3.76 0.46 8.26 7.8 7.96 2.38 5.61 0.67 2.62 0.01 7.62 7.76 9.87 7.06 6.49 0.92 3.6 1.74 6.04 8.38 9.88 8.4 3.13 9.71 2.98 8.85 5.88 8.82 4.3 4.65 9.37 6.78 7.27 7.95 0.14 2.49 0.48 6.06 8.94 9.21 4.14 4.69 2.96 3.97 8.51
int 94 40 51 22 41 80 97 71 42 34 2 18 85 4 67 57 23 2 40 34 26 66 13 4 24 31 31 19 37 48 75 56 74 39 85 53 66 5 15 12 93 74 48 46 38 42 7 46 74 4 26 62 73 58 52 75 27 83 31 11 73 72 16 32 58 27 82 56 65 57 76 66 1 7 88 5 35 64 84 74 83 79 12 19 55 16 52 22 70 17 21 96 18 51 39
bool 95 1 1 0 1 0 1 1 1 0 0 1 1 0 1 1 0 0 1 1 1 0 0 1 0 0 0 0 1 0 0 1 1 0 0 1 0 0 1 1 1 1 1 1 1 1 0 1 1 0 1 1 1 0 0 0 0 1 1 0 1 1 0 1 1 0 0 0 0 0 0 0 0 1 0 1 0 0 0 0 1 1 1 0 0 0 0 0 0 0 1 0 1 0 0 0
double 96 3.67 5.33 1.72 3.81 9.45 9.79 3.94 9.95 5.23 1.24 9.76 4.5 1.02 3.4 1.52 9.72 1.13 7.04 8.65 7.83 7.36 4.72 1.52 3.6 2.31 6.51 8.09 6.4 6.4 1.75 2.75 6.51 8.49 5.33 8.85 7.09 6.26 5.32 5.42 0.07 9.1 4.71 8.62 4.64 0.13 6.17 5.68 4.43 9.43 6.8 5.67 0.15 1.84 2.77 4.85 2.15 1.21 7.32 1.68 2.77 4.23 4.94 7.4 1.32 3.08 5.13 4.61 1.03 3.54 7.49 6.3 4.55 3.68 2.99 4.95 2.57 2.8 6.13 3.47 5.13 2.5 4.61 3.49 4.1 9.18 3.87 9.01 4.65 8.52 7.56 6.66 7.04 3.02 1.79 3.19 9.81
bool 96 1 0 1 0 0 0 1 0 1 1 0 0 1 0 0 0 0 0 0 1 0 1 0 0 0 0 1 0 0 1 1 0 0 1 1 0 1 1 0 1 1 0 0 1 1 1 0 1 0 0 1 1 1 0 0 1 1 1 1 1 0 0 1 1 1 1 0 1 1 1 1 1 1 0 0 0 1 1 0 1 1 0 0 0 1 0 0 1 1 0 0 0 1 0 0 0
bool 97 1 0 1 1 0 0 1 1 1 1 0 0 0 0 1 1 1 1 0 1 0 1 0 1 1 0 0 1 1 0 1 1 1 1 0 1 1 1 1 0 1 0 0 0 0 0 1 1 0 1 0 0 0 1 0 0 1 1 0 0 1 1 0 1 1 0 1 0 0 0 0 0 1 0 1 0 1 0 0 1 0 1 1 1 1 0 0 1 1 0 1 0 1 1 1 0 0
bool 97 1 1 0 1 0 0 0 0 1 0 0 0 1 1 0 0 0 0 1 1 0 0 0 1 1 0 1 0 1 1 0 1 0 1 0 0 0 0 0 0 0 0 0 0 0 1 1 1 0 1 1 1 0 0 1 0 1 1 0 1 0 1 1 0 0 0 1 0 1 0 0 1 0 0 0 1 0 1 0 0 1 1 1 0 1 1 0 0 1 1 0 0 1 1 1 1 0
int 98 24 69 22 5 56 33 61 16 84 12 9 34 42 76 54 16 93 91 3 93 77 27 47 98 47 71 96 76 66 34 75 67 20 81 96 12 21 82 27 38 98 39 33 32 95 51 61 21 11 40 89 41 50 64 82 33 11 43 18 43 37 15 33 87 21 1 41 85 74 31 9 45 5 86 39 62 42 35 93 56 35 63 42 52 31 99 55 93 10 59 61 86 61 81 6 93 76 52
double 99 6.71 4.29 3.04 2.78 7.35 7.34 1.75 0.39 8.28 6.65 8.23 4.19 2.99 5.7 8.29 3.36 0.93 2.09 2.5 9.6 8.68 3.51 3.82 5.45 2.1 0.86 6.36 4.15 0.38 3.01 0.63 1 9.06 9.75 0.78 8.69 2.45 9.13 2.14 1.26 7.41 9.54 8.51 9.43 5.09 9.68 8.68 4.71 8.18 0.47 6.26 7.82 2.41 7.38 7.54 0.98 2 0.87 5.57 8.62 0.74 6.35 8.28 9.06 5.51 9.31 4.96 8.18 5.56 5.92 7.95 9.98 6.76 0.5 7.69 9.51 8.82 4.26 1.4 3.28 5.36 3.18 3.19 6.98 9.41 4.85 4.46 5.17 7.61 6.04 6.96 0.84 7.13 5.18 6.18 5.43 6.77 8.53 7.74
int 99 91 38 80 86 54 65 38 45 88 13 76 53 58 4 7 62 54 35 61 97 11 45 98 45 93 6 6 20 25 3 89 7 53 3 70 1 68 33 25 76 80 68 90 48 77 47 12 34 60 4 73 11 34 53 7 80 36 3 13 60 64 13 56 55 40 13 6 97 84 52 74 50 61 62 88 49 54 83 11 5 51 10 52 97 11 65 6 67 33 13 65 91 52 86 59 13 34 43 91
char 99 c e k c t a q o t i i q q e m l q l k t c k f h i q q h i l f e p p a q e h n s b i d g r l k q s b l n e s q k g c m d o d c d g k s c j q f g e r g j m p d k s f o o h q l c o t b k h l j g s f c
double 102 7.24 0.03 2.35 2.83 6.63 5.8 1.13 2.23 3.83 4.03 3.23 0.22 5.26 9.58 2.45 2 5.91 5.96 1.57 4.9 9.57 6.31 6.93 4.51 5.79 7.09 9.53 3.49 5.21 3.86 9.36 7.91 0.35 9.66 9.32 9.15 4.35 5.89 5.18 3.76 1.27 2.68 1.7 2.54 1.29 4.42 5.6 7.63 9.07 5.26 6.88 3 8.86 6.78 9.87 2.4 6.55 6.92 9.89 0.11 1.56 6.4 9.86 4.74 6.48 7.02 1.32 5.38 8.56 2.54 6.1 2.48 4.62 5.26 2.49 0.49 9.16 7.48 4.84 5.65 1.76 3.2 9.53 2.13 2.31 1.61 4.29 3.64 0.06 5.97 8.2 9.01 2.42 5.96 5.5 7.15 3.41 8.77 1.75 7.55 4.99 4.48
int 104 83 11 68 47 77 76 18 86 49 53 46 69 54 65 49 88 14 58 3 37 82 17 71 26 77 40 79 85 48 18 83 56 20 11 31 72 18 43 80 27 14 91 7 82 32 34 88 2 93 56 2 74 7 6 89 11 80 60 81 4 19 68 3 29 80 17 43 74 34 83 35 73 35 65 78 57 48 74 16 18 92 70 3 32 67 11 9 82 83 42 94 97 90 79 50 15 16 43 20 21 33 51 47 72
