int 74 76 8 41 90 23 63 28 84 78 0 71 85 74 71 33 67 53 95 68 25 76 29 50 98 9 93 86 80 16 49 67 28 79 64 21 5 26 16 16 26 66 87 81 64 40 86 21 62 21 64 9 15 2 73 24 41 45 62 23 31 6 68 18 2 7 7 81 12 36 30 14 9 84 56 90 93 96
double 48 38 8.2 0.7 3.2 9.6 6.7 2.2 8.2 1.0 4.1 3.1 8.7 0.5 7.9 2.1 3.8 5.1 4.7 0.8 4.6 7.6 5.9 8.9 2.2 6.6 8.6 5.5 2.8 1.4 6.0 5.3 7.7 4.8 0.3 6.1 3.1 8.2 5.5 9.7
int 17 12 5 40 75 62 85 62 80 36 97 2 8 80
double 12 17 9.5 6.6 3.3 0.9 5.7 1.7 3.4 5.3 3.5 5.8 9.3 4.3 9.3 6.6 5.1 4.0 9.4
bool 63 58 1 1 1 0 0 1 0 1 0 0 1 0 1 0 0 0 0 1 0 1 0 0 0 1 1 0 1 1 1 1 1 0 1 1 0 1 0 1 0 0 0 1 0 1 1 1 0 0 1 1 1 0 0 0 0 0 0 0
double 84 39 7.1 5.8 2.2 5.9 9.7 9.9 9.9 2.0 2.0 3.6 8.4 1.2 1.5 5.3 8.5 4.1 9.9 6.7 0.8 4.4 6.9 8.1 7.9 0.8 0.7 5.9 0.6 4.9 7.5 2.6 2.4 0.7 7.4 8.4 2.8 4.6 4.5 8.1 1.4
bool 48 40 1 0 1 0 0 1 1 1 1 1 1 0 0 0 0 1 1 1 0 0 1 0 0 0 0 1 1 0 1 1 1 0 0 0 1 0 1 0 1 1
char 1 77 p e v c o q r g r q w z h i b n o r k h z m l b z f h x u n r k l i b v p s z z n o p f g a x z g f l t l s x b t u m i l o c l t g c o z g t z i u f u z
int 1 27 27 44 22 36 73 54 33 56 51 91 34 31 22 79 2 76 80 69 88 29 85 2 10 27 74 60 99
double 43 9 1.6 2.9 6.1 3.3 3.0 4.6 3.2 8.3 7.3
bool 6 60 0 1 1 0 1 0 0 1 0 1 0 0 1 0 1 1 1 0 0 1 1 1 1 0 0 1 0 1 1 0 0 0 0 1 1 0 1 1 0 1 0 1 1 1 0 1 1 0 1 0 0 0 0 1 1 1 0 0 1 0
bool 29 95 1 1 0 1 0 0 1 1 1 0 1 1 0 0 0 0 1 1 1 0 0 0 0 0 0 0 1 1 0 1 0 0 1 0 1 0 1 1 1 0 0 1 0 0 1 1 1 1 1 0 0 0 1 1 0 1 0 1 0 0 1 1 1 0 1 0 0 1 1 0 0 1 0 1 0 0 0 0 0 1 1 0 0 0 0 0 0 1 0 0 0 1 1 1 1
char 23 70 h p s z o b r i x w x k p i c l q l j t k v n b i m p d k y e b c w l f k f f r l z z m k v m h n l c i v w h w z t z r b x j c r t u v t x
char 6 56 m z d n d o s i y h t y a v o x h t a p y e k t u a t p r w s k x z c z n f d i u e h u w y m t x d r n k l s m
bool 72 65 1 1 1 1 1 1 0 0 0 0 0 0 1 1 0 0 1 0 1 0 0 1 0 1 1 1 1 1 0 1 1 0 1 1 1 0 1 1 0 1 0 1 0 0 0 1 1 1 1 1 1 0 0 1 0 0 1 1 0 1 0 0 1 0 1
bool 73 80 0 0 1 0 0 1 0 1 1 0 1 0 0 1 0 0 1 0 1 1 0 0 0 0 0 0 1 1 1 0 1 0 0 1 0 1 0 0 0 0 0 1 0 1 0 1 0 1 1 0 0 1 1 0 1 1 1 1 1 0 0 1 1 0 0 1 0 0 1 0 0 1 0 0 0 0 1 1 0 1
int 60 15 51 87 72 45 63 76 1 13 89 32 88 12 39 90 57
int 87 46 44 66 70 3 55 37 22 87 77 9 63 73 31 72 86 91 58 92 63 62 83 15 48 35 97 25 7 84 44 22 73 94 73 4 59 29 93 47 61 28 59 15 16 15 66 62
double 61 6 4.4 1.7 6.8 3.5 0.4 3.2
bool 22 93 0 0 1 1 1 0 0 0 0 1 0 1 0 1 1 1 0 1 1 1 0 1 0 0 1 0 1 0 0 1 0 0 1 0 1 1 1 0 1 1 0 0 0 0 0 1 1 0 1 0 0 0 1 0 0 0 1 1 0 1 0 0 1 0 1 1 0 0 0 1 1 0 0 0 1 1 0 0 0 1 0 1 1 1 0 0 1 1 0 0 0 0 0
double 44 87 4.8 1.4 7.1 1.8 9.0 0.7 2.9 3.2 7.2 5.8 8.7 9.5 8.7 5.8 0.7 8.5 8.4 2.7 4.4 4.1 7.9 5.5 1.7 6.7 5.5 7.3 5.1 4.3 6.9 6.0 2.5 3.4 9.4 4.6 2.3 0.6 9.8 1.3 0.2 5.1 7.5 5.4 6.7 8.9 6.5 6.1 9.8 4.8 0.4 4.4 6.6 8.5 6.2 4.3 9.8 0.3 4.1 8.7 8.6 9.4 8.8 2.1 8.9 9.1 9.3 9.0 8.9 9.2 1.5 6.5 8.1 8.1 8.9 3.6 0.2 2.7 8.7 8.6 1.8 9.2 0.7 5.3 8.5 8.4 1.5 9.9 0.4
int 70 64 30 99 9 37 49 43 62 71 49 14 61 49 95 0 4 12 42 24 19 13 42 54 65 96 13 29 13 32 12 90 97 78 1 4 8 73 44 65 65 53 92 33 74 51 52 10 14 55 5 75 74 83 77 54 10 64 96 59 71 2 14 58 36 60
bool 75 40 1 1 0 0 1 0 1 1 0 1 1 1 0 0 1 1 1 1 0 0 0 1 1 0 0 0 0 0 1 0 0 1 0 1 0 0 0 0 1 1
double 46 41 0.1 2.8 6.1 7.3 3.1 7.5 4.1 1.9 7.3 3.6 4.7 3.8 6.4 7.0 4.9 9.3 1.6 3.9 9.0 7.8 8.2 5.6 9.5 1.9 8.2 1.6 8.7 2.1 6.5 3.3 9.2 6.3 1.3 9.8 7.8 1.6 0.8 6.8 3.6 4.3 9.0
double 42 57 0.3 4.5 0.7 0.1 4.0 9.6 0.2 0.2 0.7 3.8 3.7 7.6 1.5 9.1 7.9 1.2 0.6 6.5 0.0 9.2 5.5 3.1 8.8 2.9 6.8 4.8 9.3 2.8 9.9 6.5 9.9 3.6 1.5 7.2 1.4 8.8 0.4 7.8 8.0 2.5 3.8 7.3 3.4 9.2 1.4 2.5 0.4 0.1 7.3 6.3 5.8 5.0 9.1 4.0 1.7 2.9 2.8
char 51 8 j p l i w z k b
bool 70 58 1 1 1 0 0 1 0 1 1 0 1 0 0 1 0 0 0 1 0 0 1 1 0 1 0 1 0 0 0 1 0 0 0 1 1 0 0 0 1 0 0 0 0 1 0 1 0 1 0 1 1 0 1 1 1 0 0 1
double 59 77 3.5 8.9 9.1 3.6 0.2 7.4 8.6 7.8 0.8 5.6 3.1 2.8 3.6 2.7 9.5 1.3 5.6 8.9 3.5 9.0 7.8 6.8 1.9 0.0 6.5 4.3 6.9 8.2 1.1 5.5 2.4 8.1 6.4 9.1 9.9 1.0 4.8 8.0 0.6 7.6 8.6 8.4 2.3 2.8 2.7 3.5 3.2 2.5 2.5 3.6 4.8 3.1 6.2 0.2 6.7 9.4 4.7 7.0 2.0 0.6 3.6 6.6 1.0 2.2 5.9 2.6 4.4 9.7 0.5 4.6 4.4 3.6 9.9 0.9 8.9 5.4 4.4
double 68 50 7.8 2.3 6.1 6.0 3.1 8.6 7.4 9.2 2.6 7.7 0.1 8.5 5.1 8.3 7.8 1.8 2.5 4.2 4.9 7.4 5.2 1.6 3.4 4.6 6.2 5.5 9.1 7.0 0.7 9.0 6.4 2.9 7.8 9.1 1.6 8.8 3.5 3.0 9.1 6.7 3.0 0.1 8.6 3.3 7.3 4.6 1.5 8.1 8.9 0.6
char 31 5 y t n b s
double 4 96 2.9 4.4 1.6 8.5 2.7 3.3 3.9 9.4 3.9 0.4 8.7 6.7 1.5 2.2 8.4 9.6 3.5 8.7 1.4 4.6 4.9 8.1 2.1 9.1 2.5 9.1 0.6 4.2 2.3 1.7 3.7 7.5 1.4 0.6 2.4 9.3 9.6 2.7 4.8 7.0 4.6 4.2 8.3 6.3 8.2 4.3 7.0 2.1 7.1 9.7 6.8 4.0 5.7 0.1 2.6 1.8 2.4 2.2 0.0 2.5 4.1 4.4 4.8 7.6 3.1 7.4 7.8 6.7 6.0 9.0 1.2 5.4 1.7 7.7 9.4 6.8 4.9 2.2 2.8 6.0 1.6 6.7 4.3 4.7 1.5 4.1 6.6 2.3 6.4 6.7 3.0 7.2 5.6 2.6 7.6 0.2
char 9 74 e h n c p b p m i v e z z h k l q x a p l w u m k p m y c k n b u z g g f k o q r e z g c t q i q o f q f q t s s f w u q b y s r t f w p o y q e d
bool 62 7 0 1 0 1 0 0 0
bool 3 87 0 0 1 0 0 1 0 0 0 1 0 0 0 1 1 0 0 1 0 1 1 1 1 1 0 0 1 0 1 0 0 1 0 1 1 1 1 1 1 0 0 0 1 0 1 0 0 1 0 1 1 0 1 0 1 1 0 0 1 1 1 1 1 0 1 0 0 1 1 1 0 1 0 1 0 1 0 0 0 1 1 0 0 1 0 0 1
bool 51 19 0 1 0 1 0 0 1 1 0 0 1 0 1 1 0 1 0 1 0
char 36 14 g j t o e p f o v t b m x o
int 34 73 79 3 44 17 76 4 95 30 74 89 27 3 86 74 18 21 82 61 52 3 88 44 42 89 7 37 98 52 82 91 89 34 62 98 36 67 51 85 83 76 33 26 11 99 71 70 18 96 48 21 96 54 61 76 48 76 91 28 32 29 73 70 85 70 29 90 94 4 40 33 78 70 55
double 23 17 1.1 6.0 4.2 3.1 7.9 8.1 9.3 5.8 6.0 1.7 3.8 5.0 3.7 6.5 2.1 3.1 1.1
char 53 11 m e r q r o s m t j h
char 58 58 x b u x x w l u e l a u k o a t g o n w v w l m v p d m j w n n u z s p q r p i y q w r t t s n m d z n d h w g p r
double 88 22 7.7 8.7 3.3 5.4 9.7 2.8 5.5 1.9 0.2 4.6 8.9 8.2 5.7 4.3 5.5 5.6 7.4 9.9 2.0 6.4 9.4 9.2
int 28 60 9 1 70 14 42 62 37 91 34 6 60 12 77 54 71 11 82 49 48 95 6 37 20 33 47 84 9 43 83 96 97 47 87 16 90 19 82 64 82 21 83 63 38 69 58 63 97 70 40 0 10 16 69 88 97 55 18 51 61 45
double 11 41 2.0 0.2 1.1 8.9 6.8 7.8 7.1 9.1 8.7 3.6 3.9 8.9 4.1 0.0 9.4 4.8 8.1 5.7 4.6 6.0 5.7 3.2 0.9 4.9 7.1 0.6 3.8 6.1 9.9 6.2 5.2 3.4 5.0 9.0 5.4 0.3 6.2 1.5 0.3 2.5 6.0
char 76 13 f i t z u y h g f t r m o
int 13 73 33 94 19 42 61 39 16 78 46 26 13 45 6 11 7 39 3 40 18 38 70 67 50 66 95 80 11 26 80 50 22 51 9 95 14 95 87 89 31 21 87 3 50 83 10 44 69 76 75 6 0 15 44 6 29 24 32 15 27 65 65 24 37 4 86 26 61 79 55 14 47 11 19
bool 41 40 1 0 1 1 1 0 1 0 0 1 1 1 1 1 1 0 0 0 1 1 1 0 1 1 1 0 1 0 1 1 0 0 1 1 0 0 0 1 0 0
double 10 21 4.5 5.8 6.1 0.6 7.8 3.6 0.5 1.9 1.0 3.5 6.0 9.3 3.7 2.3 6.9 4.3 2.3 4.1 0.1 2.0 8.4
int 14 74 90 41 76 8 52 27 98 29 38 0 3 63 55 66 48 14 52 32 39 81 94 6 31 95 32 49 98 88 48 57 69 96 54 66 28 75 86 0 10 94 61 7 63 61 4 13 92 58 64 30 51 32 81 75 36 40 36 58 27 92 6 41 32 9 79 55 35 2 91 78 27 65 48 59
bool 95 67 1 1 1 0 1 1 0 0 0 0 1 0 0 1 0 0 1 1 0 0 0 0 0 1 0 1 0 0 1 1 1 1 1 0 1 1 1 0 1 1 1 0 0 1 0 0 0 0 1 0 1 1 0 0 0 1 1 1 1 0 0 1 0 0 0 0 0
double 83 74 4.3 0.8 4.7 6.4 6.1 7.2 6.7 8.3 9.3 4.4 1.0 1.0 3.0 8.4 0.0 0.9 2.1 6.5 3.8 6.9 0.9 2.1 2.8 4.1 9.2 2.9 9.3 6.7 2.5 7.7 4.8 1.5 9.9 9.9 2.0 1.7 5.3 3.4 5.0 5.8 9.4 9.1 2.5 4.0 5.4 0.5 5.8 2.1 7.8 9.4 7.7 7.3 2.5 0.6 2.8 8.3 9.9 6.7 3.9 8.2 9.4 4.5 5.2 8.4 6.3 5.5 4.0 1.8 2.2 2.6 1.7 0.9 4.5 4.2
bool 84 38 1 1 0 0 0 0 0 1 1 1 0 1 0 1 1 1 1 0 1 0 0 1 0 0 0 0 0 0 1 1 1 0 0 1 0 1 1 0
double 20 56 9.5 1.2 7.9 2.3 6.9 5.0 1.1 9.0 2.7 0.6 5.5 1.0 7.8 3.6 2.0 8.3 8.1 8.8 9.7 6.4 1.4 2.4 8.7 9.1 2.2 5.9 4.5 2.2 1.0 0.8 5.5 8.0 7.4 8.2 3.3 2.8 7.6 6.5 6.2 5.0 3.6 3.7 4.9 6.4 3.8 3.7 3.3 5.5 1.7 5.5 9.2 1.0 2.7 3.0 7.7 4.1
char 9 30 c g x w t o d j l g q c j r v i h k p n w a u z c w f t k m
bool 33 39 0 1 0 1 1 0 1 1 0 0 0 1 1 0 1 0 1 1 1 1 1 1 1 1 0 0 1 1 0 0 0 1 1 0 1 0 0 0 0
bool 49 40 0 1 0 0 0 1 1 1 1 0 0 0 0 1 0 0 1 1 0 1 1 0 1 0 0 0 1 0 1 1 0 0 0 0 1 1 0 0 0 0
double 64 61 2.1 7.7 7.4 3.1 1.5 8.1 3.6 2.8 5.2 9.0 8.6 6.8 8.3 8.8 6.7 7.6 9.9 5.1 2.8 3.5 3.8 8.4 8.4 1.0 9.2 7.7 4.0 3.6 9.1 8.1 1.9 6.8 6.5 8.9 3.4 1.6 6.9 9.6 7.8 7.9 2.3 3.9 4.6 7.6 3.5 0.8 1.5 3.3 2.0 1.1 4.0 5.5 9.4 7.1 9.5 4.3 1.6 5.6 9.3 0.1 9.3
bool 15 5 1 1 0 1 1
int 50 62 95 76 15 19 23 83 99 55 42 77 59 26 74 99 45 39 60 63 24 49 69 90 13 53 69 9 30 0 29 15 83 87 32 99 86 47 21 28 74 86 87 18 63 7 52 15 52 68 42 7 93 2 7 76 23 45 99 45 65 26 56 56
bool 3 22 0 1 1 0 1 1 0 0 0 0 0 0 0 0 0 0 0 1 1 0 0 0
bool 41 43 1 0 0 0 0 1 1 0 1 1 1 0 0 0 1 1 0 1 1 1 0 0 0 0 0 0 1 0 0 1 0 0 1 0 1 1 1 0 0 1 1 1 1
bool 60 21 0 1 0 1 0 0 1 0 1 0 1 1 1 0 0 0 0 0 1 1 1
int 67 79 49 56 48 4 89 68 32 43 54 86 57 52 80 26 99 3 76 27 65 74 20 95 58 55 0 46 79 0 92 27 49 68 19 59 40 8 99 42 80 56 26 0 87 59 56 30 11 96 22 25 1 95 3 14 22 35 97 71 37 26 30 53 34 30 95 54 21 88 49 21 94 86 54 19 36 97 34 40 19
double 63 67 3.1 0.4 7.0 1.1 5.3 8.6 2.5 2.7 1.6 0.9 3.5 8.7 5.3 9.6 7.6 0.1 6.6 8.5 4.2 7.3 7.4 4.5 9.9 1.4 3.1 6.8 9.7 6.3 0.0 8.6 9.9 9.9 3.3 1.3 1.9 1.3 2.8 6.0 2.1 2.8 7.3 5.8 5.0 6.7 0.9 9.9 5.2 7.4 0.9 0.4 4.2 8.0 9.3 7.7 1.5 4.4 6.3 6.1 8.4 0.6 3.4 6.0 8.5 6.7 1.7 8.0 8.7
char 33 24 u h s j l t w j c c h q s n p r w f r u f c e v
double 50 17 7.8 9.9 7.8 6.4 1.1 9.2 1.5 1.0 3.5 6.7 2.4 9.0 9.9 7.7 3.9 8.1 8.1
char 26 34 j n v m j f a p r e z o b u c o o z q l p p q f e x k o u e t n l h
double 20 7 8.9 3.3 9.0 6.5 4.5 6.8 6.6
double 57 66 4.0 5.5 3.5 1.0 5.4 7.8 0.6 0.7 0.5 6.7 0.7 7.2 8.6 7.7 0.2 5.8 3.3 0.7 2.3 7.1 3.5 6.3 6.2 8.9 5.1 6.1 0.4 2.5 1.1 6.0 2.8 9.3 5.0 9.2 2.3 4.7 8.8 8.1 8.7 1.2 0.9 2.7 3.8 9.5 5.7 6.2 0.1 7.0 5.6 8.0 9.4 8.7 0.5 3.7 8.7 3.5 8.0 6.2 5.2 7.2 6.1 2.5 8.0 7.9 2.7 7.2
double 84 37 9.9 6.6 6.6 0.4 9.2 9.7 0.5 8.7 2.5 6.2 2.9 9.3 1.7 1.1 7.7 0.7 4.1 9.6 1.5 9.1 5.3 2.7 9.0 7.1 8.4 8.9 6.2 1.7 8.7 4.6 5.5 8.8 6.3 8.2 1.6 6.7 9.4
char 47 33 x l j r i v v d a x b q v m t m c f w e h c o v u x a e s f c t o
double 55 12 3.8 5.0 4.2 5.1 1.9 4.7 1.7 0.3 6.7 3.9 4.4 3.8
char 42 33 r i s g s r h m a w d s x c q n k e p f j j c r g e x p z x f z d
double 35 57 4.7 6.7 8.7 1.6 4.3 5.4 0.6 1.4 4.3 4.0 0.0 8.6 1.0 6.8 2.0 1.2 3.8 2.9 9.7 0.7 8.5 2.4 8.9 4.2 4.8 2.3 1.3 4.4 5.7 3.8 8.5 7.9 2.7 6.9 9.2 1.0 4.2 5.8 1.9 4.5 5.4 6.4 7.9 7.7 3.2 4.3 1.6 5.3 9.1 8.2 9.0 2.1 5.7 9.1 0.5 9.3 7.1
double 13 96 6.5 8.8 0.5 0.0 1.5 9.6 2.9 2.4 1.8 2.4 5.1 5.4 2.1 3.3 7.6 1.5 4.1 5.2 1.5 3.1 5.5 8.6 8.4 6.0 8.2 6.8 3.5 9.7 2.7 2.8 8.0 0.9 5.5 7.6 3.2 8.0 2.7 5.4 2.3 9.3 4.2 5.5 8.7 9.7 0.2 8.0 5.9 2.3 6.8 6.5 7.4 4.4 3.0 5.2 9.3 0.1 3.0 7.8 9.2 7.8 9.6 0.0 8.8 1.4 1.9 6.9 8.8 3.2 5.6 7.3 6.2 9.6 8.3 4.5 1.5 6.3 6.2 1.8 5.8 2.3 1.0 2.8 4.5 4.6 2.5 0.0 9.6 6.4 4.2 6.7 9.2 5.5 0.3 5.1 9.2 6.3
char 18 22 f r f e i x x h a t t m l n t u n r r s u r
bool 74 1 1
char 28 23 p r h s g s n i v t v y f k m i y w c y k s u
int 50 30 42 4 33 12 59 10 64 82 4 20 47 62 37 37 57 95 2 33 91 37 34 73 49 12 77 30 27 71 27 48
int 77 91 11 33 5 36 13 82 93 96 91 46 14 9 92 11 74 0 72 3 48 5 29 6 25 35 77 34 66 15 90 49 39 66 31 74 45 72 88 35 88 19 39 86 12 55 35 63 73 91 57 5 1 16 81 11 8 93 91 52 46 6 23 18 72 21 22 80 28 17 67 46 6 25 1 33 67 49 97 63 66 35 61 23 83 33 30 25 71 92 11 57 17
bool 24 58 0 0 0 0 1 1 0 0 1 0 1 0 1 1 0 1 0 1 0 1 0 0 0 0 0 0 0 1 1 0 0 1 1 1 1 0 0 0 1 1 0 0 0 1 0 0 1 1 0 1 1 1 0 0 1 1 1 1
int 22 94 49 85 37 7 97 10 38 49 62 31 18 40 31 97 88 70 20 63 10 24 70 6 68 66 89 12 7 95 17 66 52 53 98 45 22 17 92 64 52 70 83 20 78 83 27 5 49 67 78 43 72 65 40 68 42 42 60 38 90 5 30 54 38 97 32 34 47 39 32 45 56 68 86 29 41 27 10 37 6 98 21 91 84 77 5 28 54 67 26 26 8 1 78 39
char 84 75 t q l x i b p z o f x y z c s c m z y f e q m c p a w l x j d t k k i g o y a e t p m y a c z p r m a v o b n p c h b n l q h e m i g m l k m e s w t
int 26 31 96 38 50 80 80 38 55 51 50 45 16 37 86 82 96 24 14 2 22 41 88 31 63 66 92 64 70 9 80 78 61
int 22 11 34 7 29 96 47 9 37 90 4 69 39
double 17 24 5.5 6.2 0.7 5.0 9.0 8.3 0.1 7.0 4.0 1.6 9.9 2.2 9.0 0.8 9.5 2.7 6.9 6.7 3.8 1.1 0.0 6.3 8.8 8.9
int 58 35 43 4 35 81 88 46 42 71 45 94 62 42 51 85 42 81 54 55 96 61 57 81 3 46 40 75 49 59 97 95 26 31 3 82 16
int 2 77 33 94 46 87 51 40 81 96 44 45 73 92 33 73 30 95 42 42 84 11 97 76 97 84 45 56 42 49 81 5 71 90 91 94 31 18 7 11 55 51 84 58 49 4 96 89 76 94 79 85 16 34 68 92 88 61 97 64 24 49 44 75 39 16 18 6 26 22 71 58 29 47 66 15 26 49 54
char 21 56 a z s k y p p h q l h e q d h t f n d d v g k v b m i v t d z s a x k g y g v u z j x h r m t q q m s c x i a h
char 51 68 t g p h u c b x j n a x k d o u x w y z s a x x l i d k q o f g h f d j k b x t r v y h s a n p y x y h l c m x g c i x v v g b l b t c
double 15 76 9.1 7.7 9.3 5.4 9.4 3.6 6.4 9.1 5.5 3.3 8.5 1.6 7.5 0.4 1.9 0.5 0.9 2.9 8.3 8.7 5.3 4.9 5.2 0.0 6.4 5.4 5.6 6.9 4.9 9.8 3.4 1.4 3.7 4.3 6.9 0.9 3.0 5.7 4.4 8.1 0.9 8.3 1.4 7.1 2.5 1.9 5.1 2.5 2.4 2.9 6.8 2.3 6.0 7.7 5.6 8.0 6.4 2.0 1.5 7.5 2.0 6.8 2.7 3.3 7.8 9.5 0.1 1.7 5.5 3.9 3.3 7.3 0.5 0.6 7.7 5.0
double 77 1 1.7
char 83 43 o r y b y d f t h z t n i x a u k k d k i i i w t k b t c d d v n t y i q n g l a g v
double 41 16 8.0 7.9 1.0 6.3 9.6 9.7 0.2 3.3 8.7 1.0 6.8 0.6 2.9 9.1 5.1 4.4
bool 50 12 1 1 1 0 1 1 1 1 1 0 0 0
int 22 68 24 58 85 99 16 37 91 34 70 30 86 17 60 21 7 53 16 23 90 0 32 42 11 9 7 21 60 69 19 73 41 84 29 87 23 23 25 38 39 68 47 27 82 91 78 76 36 72 55 74 30 61 38 26 51 73 11 89 60 25 3 19 76 94 67 45 28 35
double 64 72 0.5 0.3 4.8 9.9 0.0 1.7 4.5 8.8 2.4 6.6 3.8 7.5 9.8 3.5 4.9 5.4 7.0 5.9 8.1 3.8 9.1 6.2 5.1 7.2 2.9 3.2 2.5 8.4 0.6 3.1 7.8 7.0 7.2 3.8 8.7 6.2 5.0 9.2 2.6 4.2 8.5 0.8 0.6 3.6 2.8 9.4 5.8 0.2 0.1 3.0 0.1 9.2 9.4 6.3 0.5 2.8 5.1 2.7 6.7 9.0 0.2 3.7 5.9 0.5 8.9 5.5 5.1 8.6 3.9 6.5 0.1 9.0
bool 62 57 1 1 1 0 0 1 0 0 0 0 0 1 1 1 1 0 0 1 0 1 0 1 1 0 0 0 1 0 1 0 1 1 1 1 0 1 0 0 0 0 1 0 0 1 1 1 0 1 1 1 1 0 1 1 0 0 0
char 78 78 v v h u r m m p n z w r m a u r k r k z t j o i h s g y e u u j y r x z h j h y i h g i w g c c e i w y m p v g s p a j d i g p o d s p g v b y p i o h a s
bool 66 48 1 1 0 1 0 0 1 1 0 1 1 0 1 1 1 0 1 0 0 1 1 1 0 0 0 0 1 0 1 1 1 1 1 1 1 1 0 0 1 1 0 0 0 1 0 1 1 1
char 34 15 a n m j j t h e a y g x h n q
